26,1
1,2
30,3
1,4
43,5
3,6
5,7
6,8
2,9
43,10
6,11
20,12
5,13
8,14
39,15
13,16
14,17
5,18
28,19
1,20
31,21
17,22
2,23
39,24
29,25
45,26
44,27
7,28
50,29
11,30
23,31
25,32
3,33
18,34
6,35
20,36
47,37
48,38
20,39
35,40
24,41
19,42
5,43
13,44
49,45
5,46
20,47
1,48
4,49
17,50
7,51
22,52
5,53
45,54
11,55
6,56
23,57
19,58
36,59
6,60
37,61
29,62
41,63
6,64
29,65
1,66
40,67
8,68
27,69
40,70
6,71
9,72
30,73
2,74
9,75
11,76
43,77
1,78
16,79
34,80
11,81
8,82
7,83
45,84
9,85
29,86
10,87
14,88
5,89
14,90
1,91
2,92
15,93
40,94
47,95
14,96
46,97
40,98
20,99
28,100
23,101
1,102
24,103
21,104
6,105
26,106
3,107
8,108
8,109
19,110
3,111
11,112
1,113
2,114
2,115
50,116
7,117
42,118
16,119
12,120
5,121
3,122
25,123
1,124
26,125
8,126
4,127
6,128
36,129
48,130
31,131
8,132
8,133
29,134
16,135
14,136
5,137
36,138
18,139
31,140
6,141
12,142
40,143
1,144
2,145
49,146
47,147
19,148
5,149
4,150
8,151
26,152
26,153
42,154
33,155
8,156
35,157
2,158
44,159
37,160
16,161
7,162
18,163
1,164
45,165
3,166
14,167
43,168
2,169
25,170
4,171
6,172
1,173
25,174
8,175
33,176
17,177
1,178
43,179
25,180
47,181
11,182
46,183
47,184
37,185
8,186
30,187
4,188
42,189
36,190
5,191
5,192
36,193
6,194
9,195
34,196
14,197
11,198
9,199
33,200
7,201
47,202
5,203
23,204
47,205
4,206
49,207
6,208
10,209
7,210
19,211
33,212
41,213
43,214
16,215
23,216
15,217
2,218
22,219
33,220
2,221
43,222
41,223
11,224
9,225
13,226
40,227
17,228
5,229
32,230
1,231
13,232
6,233
28,234
44,235
33,236
2,237
34,238
8,239
1,240
33,241
35,242
23,243
29,244
6,245
9,246
43,247
3,248
42,249
50,250
3,251
35,252
40,253
30,254
33,255
1,256
50,257
4,258
12,259
7,260
15,261
33,262
34,263
17,264
2,265
28,266
20,267
10,268
8,269
11,270
37,271
32,272
23,273
23,274
1,275
38,276
22,277
13,278
44,279
5,280
45,281
47,282
14,283
2,284
3,285
10,286
4,287
27,288
6,289
21,290
7,291
38,292
42,293
8,294
38,295
50,296
37,297
18,298
6,299
5,300
33,301
26,302
1,303
43,304
46,305
39,306
22,307
15,308
18,309
21,310
6,311
7,312
10,313
7,314
40,315
7,316
20,317
14,318
32,319
42,320
5,321
10,322
5,323
2,324
15,325
43,326
48,327
8,328
50,329
15,330
14,331
27,332
5,333
15,334
18,335
6,336
16,337
10,338
35,339
15,340
5,341
21,342
9,343
26,344
44,345
7,346
31,347
15,348
47,349
1,350
30,351
45,352
1,353
15,354
6,355
4,356
14,357
47,358
7,359
27,360
8,361
14,362
16,363
38,364
15,365
43,366
12,367
15,368
14,369
42,370
18,371
35,372
49,373
31,374
3,375
32,376
26,377
46,378
2,379
41,380
4,381
39,382
33,383
5,384
18,385
6,386
23,387
47,388
17,389
33,390
22,391
47,392
12,393
2,394
47,395
3,396
7,397
5,398
43,399
7,400
44,401
1,402
37,403
4,404
40,405
8,406
36,407
5,408
41,409
6,410
14,411
22,412
16,413
7,414
2,415
30,416
6,417
50,418
41,419
1,420
47,421
47,422
49,423
3,424
44,425
4,426
49,427
33,428
8,429
34,430
17,431
11,432
46,433
1,434
28,435
30,436
7,437
6,438
26,439
14,440
7,441
13,442
45,443
38,444
12,445
11,446
19,447
5,448
25,449
1,450
21,451
8,452
19,453
28,454
17,455
2,456
29,457
46,458
33,459
28,460
41,461
8,462
42,463
38,464
37,465
6,466
9,467
29,468
22,469
10,470
1,471
11,472
14,473
48,474
7,475
25,476
18,477
47,478
13,479
49,480
5,481
49,482
17,483
38,484
8,485
15,486
29,487
31,488
3,489
47,490
3,491
16,492
5,493
48,494
40,495
47,496
2,497
5,498
46,499
4,500
25,501
38,502
2,503
15,504
38,505
36,506
34,507
1,508
40,509
17,510
19,511
16,512
29,513
18,514
3,515
5,516
32,517
30,518
6,519
11,520
1,521
3,522
1,523
27,524
35,525
4,526
38,527
18,528
45,529
2,530
45,531
19,532
46,533
7,534
28,535
41,536
35,537
2,538
16,539
37,540
37,541
7,542
38,543
26,544
6,545
15,546
11,547
33,548
5,549
15,550
27,551
23,552
1,553
5,554
7,555
2,556
23,557
1,558
41,559
45,560
3,561
6,562
8,563
29,564
43,565
6,566
25,567
9,568
31,569
40,570
28,571
19,572
2,573
50,574
23,575
50,576
6,577
30,578
8,579
37,580
32,581
11,582
7,583
12,584
4,585
2,586
10,587
42,588
28,589
8,590
13,591
18,592
39,593
8,594
22,595
5,596
11,597
20,598
17,599
36,600
40,601
37,602
6,603
40,604
1,605
10,606
21,607
21,608
19,609
39,610
15,611
5,612
13,613
13,614
41,615
27,616
34,617
20,618
33,619
35,620
15,621
3,622
34,623
24,624
24,625
33,626
22,627
12,628
4,629
46,630
7,631
10,632
5,633
15,634
5,635
26,636
34,637
22,638
7,639
18,640
23,641
12,642
48,643
17,644
36,645
36,646
1,647
4,648
8,649
46,650
27,651
37,652
33,653
50,654
1,655
49,656
2,657
6,658
41,659
26,660
1,661
7,662
48,663
34,664
28,665
50,666
48,667
3,668
2,669
32,670
3,671
30,672
34,673
40,674
18,675
32,676
6,677
20,678
30,679
22,680
43,681
23,682
21,683
5,684
44,685
7,686
19,687
1,688
2,689
8,690
29,691
33,692
48,693
4,694
11,695
5,696
6,697
18,698
30,699
6,700
18,701
29,702
16,703
30,704
2,705
20,706
14,707
45,708
14,709
1,710
44,711
49,712
36,713
13,714
29,715
43,716
3,717
39,718
43,719
2,720
9,721
35,722
6,723
3,724
33,725
44,726
3,727
34,728
15,729
4,730
41,731
29,732
46,733
4,734
44,735
10,736
15,737
5,738
42,739
38,740
1,741
21,742
2,743
36,744
1,745
42,746
11,747
6,748
26,749
25,750
48,751
16,752
2,753
23,754
32,755
7,756
39,757
26,758
45,759
3,760
20,761
19,762
24,763
4,764
2,765
4,766
2,767
1,768
27,769
25,770
5,771
12,772
2,773
26,774
38,775
43,776
3,777
7,778
8,779
46,780
6,781
4,782
22,783
35,784
17,785
43,786
10,787
5,788
19,789
22,790
8,791
6,792
30,793
4,794
48,795
6,796
46,797
14,798
13,799
15,800
46,801
13,802
27,803
15,804
6,805
48,806
18,807
18,808
12,809
1,810
8,811
2,812
5,813
40,814
15,815
7,816
50,817
18,818
38,819
5,820
49,821
10,822
50,823
19,824
3,825
31,826
17,827
11,828
4,829
40,830
30,831
5,832
7,833
4,834
46,835
43,836
1,837
40,838
1,839
43,840
2,841
35,842
15,843
22,844
3,845
40,846
8,847
38,848
50,849
29,850
6,851
15,852
22,853
25,854
7,855
7,856
27,857
6,858
18,859
4,860
15,861
42,862
33,863
8,864
9,865
48,866
26,867
2,868
16,869
27,870
13,871
31,872
12,873
23,874
7,875
49,876
22,877
27,878
8,879
4,880
30,881
37,882
50,883
7,884
11,885
3,886
31,887
29,888
42,889
5,890
40,891
18,892
50,893
47,894
48,895
17,896
1,897
31,898
2,899
37,900
14,901
25,902
8,903
38,904
46,905
19,906
14,907
32,908
19,909
50,910
22,911
1,912
39,913
39,914
5,915
36,916
17,917
44,918
3,919
43,920
49,921
37,922
20,923
6,924
32,925
43,926
28,927
5,928
28,929
33,930
31,931
4,932
50,933
30,934
49,935
1,936
33,937
2,938
18,939
25,940
3,941
37,942
50,943
16,944
31,945
38,946
13,947
14,948
23,949
40,950
31,951
7,952
17,953
47,954
37,955
31,956
1,957
23,958
8,959
27,960
26,961
21,962
4,963
45,964
8,965
34,966
30,967
34,968
8,969
27,970
6,971
49,972
16,973
3,974
44,975
5,976
49,977
24,978
6,979
29,980
4,981
14,982
19,983
9,984
33,985
7,986
39,987
8,988
12,989
44,990
1,991
26,992
41,993
40,994
24,995
12,996
19,997
44,998
26,999
10,1000
10,1001
48,1002
47,1003
21,1004
11,1005
28,1006
1,1007
5,1008
24,1009
3,1010
40,1011
48,1012
26,1013
1,1014
2,1015
48,1016
6,1017
42,1018
29,1019
14,1020
18,1021
7,1022
44,1023
3,1024
28,1025
49,1026
38,1027
37,1028
5,1029
1,1030
1,1031
16,1032
43,1033
16,1034
50,1035
2,1036
42,1037
1,1038
3,1039
5,1040
6,1041
21,1042
8,1043
6,1044
46,1045
2,1046
8,1047
3,1048
35,1049
35,1050
39,1051
22,1052
50,1053
11,1054
35,1055
14,1056
48,1057
36,1058
4,1059
6,1060
21,1061
6,1062
32,1063
7,1064
25,1065
35,1066
32,1067
10,1068
48,1069
4,1070
22,1071
8,1072
6,1073
40,1074
10,1075
9,1076
11,1077
1,1078
48,1079
10,1080
15,1081
5,1082
10,1083
41,1084
5,1085
28,1086
32,1087
50,1088
6,1089
1,1090
9,1091
18,1092
9,1093
33,1094
25,1095
34,1096
2,1097
26,1098
7,1099
49,1100
21,1101
24,1102
23,1103
7,1104
45,1105
1,1106
47,1107
38,1108
38,1109
5,1110
15,1111
6,1112
5,1113
41,1114
8,1115
15,1116
1,1117
9,1118
3,1119
5,1120
50,1121
7,1122
8,1123
34,1124
19,1125
1,1126
38,1127
31,1128
39,1129
5,1130
43,1131
26,1132
4,1133
40,1134
9,1135
43,1136
34,1137
47,1138
10,1139
2,1140
18,1141
26,1142
16,1143
3,1144
28,1145
2,1146
20,1147
17,1148
32,1149
7,1150
1,1151
31,1152
39,1153
46,1154
18,1155
8,1156
17,1157
47,1158
49,1159
37,1160
28,1161
48,1162
45,1163
12,1164
7,1165
31,1166
2,1167
48,1168
34,1169
20,1170
16,1171
8,1172
40,1173
3,1174
49,1175
18,1176
37,1177
4,1178
42,1179
34,1180
5,1181
42,1182
7,1183
1,1184
7,1185
2,1186
10,1187
30,1188
5,1189
14,1190
32,1191
45,1192
7,1193
10,1194
5,1195
19,1196
4,1197
1,1198
2,1199
8,1200
14,1201
3,1202
9,1203
44,1204
10,1205
14,1206
6,1207
20,1208
31,1209
2,1210
47,1211
34,1212
12,1213
9,1214
5,1215
14,1216
3,1217
30,1218
13,1219
48,1220
6,1221
2,1222
47,1223
4,1224
3,1225
40,1226
22,1227
9,1228
31,1229
32,1230
21,1231
37,1232
1,1233
33,1234
5,1235
45,1236
48,1237
44,1238
15,1239
46,1240
2,1241
7,1242
27,1243
8,1244
45,1245
42,1246
19,1247
50,1248
3,1249
31,1250
13,1251
10,1252
47,1253
50,1254
2,1255
3,1256
2,1257
3,1258
33,1259
6,1260
18,1261
14,1262
28,1263
37,1264
46,1265
21,1266
9,1267
7,1268
31,1269
36,1270
11,1271
5,1272
2,1273
38,1274
28,1275
25,1276
4,1277
37,1278
41,1279
38,1280
12,1281
36,1282
47,1283
26,1284
5,1285
48,1286
20,1287
11,1288
18,1289
10,1290
7,1291
23,1292
41,1293
8,1294
44,1295
32,1296
30,1297
25,1298
20,1299
6,1300
10,1301
28,1302
1,1303
3,1304
48,1305
10,1306
7,1307
45,1308
4,1309
1,1310
41,1311
2,1312
23,1313
31,1314
26,1315
6,1316
17,1317
34,1318
2,1319
7,1320
47,1321
28,1322
7,1323
2,1324
1,1325
1,1326
2,1327
14,1328
14,1329
42,1330
43,1331
17,1332
19,1333
1,1334
39,1335
5,1336
38,1337
4,1338
3,1339
4,1340
25,1341
30,1342
49,1343
47,1344
36,1345
38,1346
4,1347
9,1348
16,1349
39,1350
34,1351
37,1352
15,1353
6,1354
17,1355
45,1356
14,1357
6,1358
43,1359
7,1360
11,1361
5,1362
23,1363
3,1364
5,1365
26,1366
24,1367
5,1368
50,1369
6,1370
47,1371
23,1372
1,1373
9,1374
7,1375
31,1376
28,1377
8,1378
46,1379
8,1380
45,1381
9,1382
12,1383
5,1384
4,1385
8,1386
16,1387
15,1388
18,1389
6,1390
39,1391
13,1392
18,1393
12,1394
40,1395
23,1396
15,1397
5,1398
38,1399
33,1400
2,1401
27,1402
14,1403
3,1404
23,1405
12,1406
4,1407
18,1408
23,1409
32,1410
36,1411
47,1412
3,1413
6,1414
15,1415
4,1416
19,1417
29,1418
24,1419
19,1420
31,1421
7,1422
11,1423
5,1424
35,1425
9,1426
23,1427
41,1428
28,1429
5,1430
22,1431
3,1432
14,1433
9,1434
4,1435
34,1436
43,1437
6,1438
22,1439
7,1440
32,1441
8,1442
14,1443
24,1444
19,1445
6,1446
35,1447
4,1448
3,1449
6,1450
25,1451
5,1452
13,1453
23,1454
1,1455
48,1456
41,1457
21,1458
2,1459
6,1460
3,1461
18,1462
21,1463
33,1464
49,1465
48,1466
6,1467
3,1468
1,1469
42,1470
2,1471
40,1472
6,1473
38,1474
1,1475
34,1476
3,1477
9,1478
46,1479
13,1480
11,1481
26,1482
49,1483
49,1484
12,1485
21,1486
22,1487
46,1488
50,1489
7,1490
3,1491
27,1492
4,1493
17,1494
15,1495
2,1496
39,1497
5,1498
24,1499
7,1500
22,1501
13,1502
23,1503
6,1504
34,1505
44,1506
40,1507
16,1508
7,1509
3,1510
5,1511
35,1512
39,1513
3,1514
17,1515
6,1516
24,1517
4,1518
39,1519
39,1520
22,1521
21,1522
2,1523
45,1524
19,1525
19,1526
3,1527
10,1528
37,1529
25,1530
22,1531
1,1532
3,1533
31,1534
15,1535
6,1536
48,1537
43,1538
4,1539
46,1540
1,1541
23,1542
27,1543
30,1544
4,1545
31,1546
1,1547
14,1548
49,1549
21,1550
7,1551
43,1552
14,1553
28,1554
47,1555
33,1556
30,1557
20,1558
5,1559
45,1560
1,1561
12,1562
9,1563
2,1564
19,1565
3,1566
45,1567
47,1568
25,1569
11,1570
33,1571
8,1572
49,1573
4,1574
19,1575
7,1576
9,1577
46,1578
8,1579
36,1580
20,1581
44,1582
6,1583
8,1584
31,1585
6,1586
18,1587
3,1588
13,1589
1,1590
28,1591
8,1592
27,1593
2,1594
43,1595
48,1596
43,1597
21,1598
40,1599
12,1600
1,1601
16,1602
3,1603
18,1604
1,1605
6,1606
45,1607
5,1608
22,1609
4,1610
6,1611
25,1612
33,1613
2,1614
27,1615
45,1616
7,1617
43,1618
50,1619
21,1620
28,1621
5,1622
31,1623
41,1624
42,1625
6,1626
5,1627
42,1628
7,1629
7,1630
8,1631
6,1632
26,1633
26,1634
7,1635
30,1636
30,1637
28,1638
27,1639
5,1640
46,1641
9,1642
4,1643
39,1644
9,1645
16,1646
5,1647
13,1648
3,1649
22,1650
6,1651
31,1652
43,1653
43,1654
13,1655
27,1656
9,1657
17,1658
12,1659
9,1660
1,1661
41,1662
8,1663
25,1664
35,1665
29,1666
37,1667
31,1668
12,1669
31,1670
1,1671
5,1672
1,1673
41,1674
32,1675
22,1676
29,1677
19,1678
25,1679
4,1680
17,1681
46,1682
22,1683
48,1684
23,1685
30,1686
20,1687
31,1688
29,1689
4,1690
31,1691
8,1692
12,1693
45,1694
8,1695
6,1696
40,1697
7,1698
49,1699
41,1700
13,1701
42,1702
8,1703
33,1704
44,1705
2,1706
6,1707
5,1708
43,1709
1,1710
50,1711
39,1712
3,1713
25,1714
10,1715
47,1716
34,1717
4,1718
40,1719
14,1720
42,1721
26,1722
35,1723
5,1724
28,1725
9,1726
18,1727
3,1728
19,1729
38,1730
48,1731
13,1732
34,1733
36,1734
28,1735
8,1736
15,1737
8,1738
39,1739
43,1740
36,1741
2,1742
47,1743
1,1744
15,1745
48,1746
10,1747
10,1748
16,1749
6,1750
34,1751
33,1752
42,1753
20,1754
3,1755
12,1756
7,1757
33,1758
39,1759
9,1760
25,1761
33,1762
5,1763
24,1764
30,1765
36,1766
4,1767
26,1768
23,1769
29,1770
7,1771
47,1772
6,1773
15,1774
41,1775
13,1776
22,1777
32,1778
44,1779
14,1780
39,1781
22,1782
42,1783
22,1784
27,1785
45,1786
5,1787
50,1788
38,1789
25,1790
20,1791
6,1792
45,1793
2,1794
7,1795
7,1796
46,1797
1,1798
48,1799
40,1800
16,1801
33,1802
48,1803
1,1804
42,1805
3,1806
43,1807
38,1808
33,1809
43,1810
30,1811
47,1812
9,1813
5,1814
37,1815
1,1816
34,1817
4,1818
36,1819
2,1820
29,1821
28,1822
16,1823
38,1824
37,1825
20,1826
6,1827
41,1828
44,1829
17,1830
7,1831
4,1832
11,1833
32,1834
12,1835
5,1836
8,1837
42,1838
2,1839
33,1840
17,1841
3,1842
46,1843
32,1844
3,1845
19,1846
31,1847
32,1848
49,1849
18,1850
6,1851
41,1852
4,1853
24,1854
7,1855
8,1856
48,1857
42,1858
12,1859
3,1860
19,1861
25,1862
40,1863
14,1864
20,1865
1,1866
45,1867
2,1868
29,1869
5,1870
9,1871
3,1872
6,1873
40,1874
50,1875
9,1876
49,1877
6,1878
8,1879
34,1880
49,1881
11,1882
5,1883
43,1884
35,1885
35,1886
1,1887
13,1888
7,1889
38,1890
43,1891
12,1892
29,1893
41,1894
6,1895
48,1896
41,1897
32,1898
21,1899
29,1900
2,1901
19,1902
4,1903
3,1904
49,1905
13,1906
7,1907
48,1908
1,1909
43,1910
35,1911
4,1912
29,1913
5,1914
15,1915
5,1916
8,1917
34,1918
16,1919
11,1920
10,1921
20,1922
46,1923
50,1924
9,1925
40,1926
27,1927
39,1928
4,1929
32,1930
39,1931
5,1932
43,1933
4,1934
29,1935
32,1936
16,1937
45,1938
6,1939
21,1940
7,1941
33,1942
27,1943
31,1944
27,1945
37,1946
26,1947
26,1948
36,1949
35,1950
5,1951
6,1952
34,1953
42,1954
2,1955
21,1956
48,1957
11,1958
31,1959
46,1960
6,1961
23,1962
25,1963
5,1964
39,1965
1,1966
41,1967
2,1968
17,1969
3,1970
18,1971
11,1972
1,1973
19,1974
3,1975
40,1976
21,1977
9,1978
2,1979
18,1980
1,1981
2,1982
4,1983
36,1984
6,1985
36,1986
4,1987
16,1988
3,1989
45,1990
2,1991
15,1992
42,1993
7,1994
48,1995
4,1996
17,1997
48,1998
8,1999
4,2000
42,2001
43,2002
49,2003
25,2004
3,2005
41,2006
15,2007
21,2008
8,2009
49,2010
4,2011
6,2012
19,2013
37,2014
36,2015
1,2016
28,2017
17,2018
5,2019
45,2020
12,2021
7,2022
9,2023
6,2024
1,2025
7,2026
2,2027
12,2028
5,2029
2,2030
19,2031
11,2032
8,2033
42,2034
2,2035
19,2036
46,2037
25,2038
2,2039
5,2040
40,2041
31,2042
3,2043
40,2044
8,2045
43,2046
23,2047
35,2048
17,2049
1,2050
23,2051
15,2052
6,2053
49,2054
7,2055
36,2056
8,2057
5,2058
21,2059
2,2060
50,2061
41,2062
49,2063
44,2064
8,2065
42,2066
36,2067
4,2068
35,2069
2,2070
5,2071
28,2072
4,2073
20,2074
6,2075
26,2076
21,2077
24,2078
7,2079
13,2080
25,2081
39,2082
28,2083
20,2084
40,2085
8,2086
11,2087
33,2088
8,2089
17,2090
47,2091
42,2092
3,2093
17,2094
43,2095
2,2096
1,2097
26,2098
4,2099
17,2100
11,2101
49,2102
17,2103
5,2104
13,2105
18,2106
10,2107
43,2108
38,2109
23,2110
45,2111
4,2112
24,2113
48,2114
18,2115
18,2116
6,2117
21,2118
2,2119
8,2120
5,2121
6,2122
19,2123
48,2124
27,2125
2,2126
37,2127
4,2128
33,2129
50,2130
15,2131
14,2132
49,2133
46,2134
1,2135
41,2136
11,2137
20,2138
39,2139
43,2140
20,2141
32,2142
2,2143
32,2144
37,2145
3,2146
27,2147
4,2148
10,2149
18,2150
8,2151
43,2152
48,2153
4,2154
39,2155
12,2156
39,2157
12,2158
31,2159
37,2160
17,2161
43,2162
50,2163
45,2164
32,2165
48,2166
39,2167
9,2168
1,2169
1,2170
22,2171
1,2172
6,2173
13,2174
2,2175
19,2176
45,2177
3,2178
14,2179
38,2180
5,2181
23,2182
26,2183
39,2184
1,2185
39,2186
4,2187
8,2188
26,2189
34,2190
37,2191
2,2192
18,2193
7,2194
22,2195
29,2196
1,2197
35,2198
16,2199
42,2200
22,2201
24,2202
43,2203
8,2204
27,2205
35,2206
8,2207
10,2208
3,2209
24,2210
8,2211
26,2212
2,2213
9,2214
4,2215
36,2216
25,2217
37,2218
47,2219
20,2220
6,2221
36,2222
41,2223
6,2224
11,2225
1,2226
37,2227
38,2228
7,2229
6,2230
40,2231
25,2232
12,2233
50,2234
2,2235
44,2236
36,2237
34,2238
23,2239
3,2240
7,2241
9,2242
4,2243
49,2244
5,2245
47,2246
44,2247
4,2248
48,2249
33,2250
19,2251
24,2252
17,2253
25,2254
14,2255
1,2256
20,2257
2,2258
26,2259
8,2260
13,2261
3,2262
15,2263
4,2264
13,2265
25,2266
39,2267
30,2268
42,2269
5,2270
47,2271
50,2272
42,2273
13,2274
22,2275
24,2276
25,2277
6,2278
38,2279
3,2280
7,2281
7,2282
32,2283
1,2284
14,2285
2,2286
13,2287
41,2288
45,2289
4,2290
14,2291
5,2292
24,2293
37,2294
42,2295
5,2296
28,2297
1,2298
5,2299
26,2300
37,2301
47,2302
36,2303
46,2304
1,2305
10,2306
6,2307
42,2308
2,2309
43,2310
29,2311
43,2312
40,2313
24,2314
24,2315
5,2316
30,2317
7,2318
39,2319
8,2320
36,2321
1,2322
1,2323
41,2324
8,2325
40,2326
40,2327
43,2328
34,2329
2,2330
27,2331
3,2332
27,2333
6,2334
34,2335
24,2336
30,2337
7,2338
3,2339
4,2340
11,2341
3,2342
5,2343
15,2344
48,2345
46,2346
14,2347
20,2348
10,2349
7,2350
32,2351
32,2352
31,2353
38,2354
7,2355
29,2356
4,2357
44,2358
6,2359
32,2360
15,2361
33,2362
40,2363
4,2364
6,2365
48,2366
2,2367
48,2368
34,2369
41,2370
40,2371
1,2372
15,2373
3,2374
4,2375
1,2376
41,2377
36,2378
31,2379
7,2380
34,2381
35,2382
3,2383
6,2384
29,2385
5,2386
1,2387
8,2388
4,2389
35,2390
49,2391
19,2392
5,2393
1,2394
26,2395
49,2396
12,2397
38,2398
7,2399
4,2400
2,2401
33,2402
3,2403
4,2404
47,2405
11,2406
20,2407
20,2408
4,2409
38,2410
47,2411
15,2412
1,2413
8,2414
44,2415
25,2416
18,2417
46,2418
8,2419
6,2420
27,2421
47,2422
7,2423
41,2424
32,2425
48,2426
33,2427
7,2428
45,2429
27,2430
10,2431
23,2432
2,2433
27,2434
18,2435
26,2436
33,2437
5,2438
17,2439
49,2440
25,2441
1,2442
41,2443
23,2444
2,2445
35,2446
48,2447
26,2448
40,2449
37,2450
44,2451
29,2452
28,2453
46,2454
30,2455
3,2456
12,2457
3,2458
41,2459
5,2460
44,2461
4,2462
12,2463
12,2464
6,2465
26,2466
42,2467
43,2468
45,2469
8,2470
31,2471
34,2472
5,2473
37,2474
44,2475
6,2476
49,2477
35,2478
8,2479
17,2480
31,2481
9,2482
46,2483
2,2484
5,2485
23,2486
50,2487
13,2488
6,2489
22,2490
7,2491
29,2492
45,2493
39,2494
7,2495
42,2496
8,2497
2,2498
21,2499
44,2500
10,2501
17,2502
7,2503
1,2504
44,2505
11,2506
31,2507
5,2508
13,2509
2,2510
14,2511
1,2512
8,2513
32,2514
24,2515
14,2516
6,2517
49,2518
25,2519
45,2520
16,2521
5,2522
11,2523
26,2524
6,2525
19,2526
2,2527
2,2528
31,2529
1,2530
43,2531
48,2532
24,2533
38,2534
36,2535
39,2536
1,2537
39,2538
34,2539
23,2540
41,2541
3,2542
41,2543
34,2544
9,2545
6,2546
17,2547
12,2548
33,2549
4,2550
32,2551
19,2552
29,2553
40,2554
21,2555
11,2556
8,2557
10,2558
21,2559
35,2560
7,2561
36,2562
37,2563
15,2564
5,2565
6,2566
6,2567
7,2568
8,2569
16,2570
12,2571
3,2572
35,2573
5,2574
49,2575
33,2576
2,2577
21,2578
5,2579
38,2580
8,2581
44,2582
17,2583
7,2584
1,2585
39,2586
16,2587
21,2588
48,2589
3,2590
32,2591
10,2592
28,2593
46,2594
4,2595
10,2596
23,2597
18,2598
4,2599
18,2600
29,2601
2,2602
2,2603
1,2604
10,2605
9,2606
17,2607
16,2608
48,2609
30,2610
12,2611
36,2612
3,2613
3,2614
1,2615
2,2616
15,2617
13,2618
4,2619
37,2620
3,2621
43,2622
19,2623
8,2624
22,2625
28,2626
29,2627
34,2628
42,2629
6,2630
9,2631
7,2632
17,2633
47,2634
8,2635
7,2636
44,2637
28,2638
11,2639
5,2640
26,2641
2,2642
44,2643
17,2644
35,2645
43,2646
45,2647
5,2648
2,2649
47,2650
37,2651
36,2652
11,2653
27,2654
44,2655
8,2656
11,2657
11,2658
43,2659
36,2660
28,2661
6,2662
7,2663
10,2664
1,2665
48,2666
25,2667
5,2668
5,2669
27,2670
21,2671
2,2672
15,2673
20,2674
6,2675
15,2676
3,2677
9,2678
4,2679
47,2680
7,2681
13,2682
35,2683
5,2684
31,2685
50,2686
37,2687
7,2688
16,2689
38,2690
24,2691
47,2692
43,2693
25,2694
7,2695
14,2696
8,2697
12,2698
20,2699
36,2700
21,2701
5,2702
26,2703
7,2704
6,2705
42,2706
9,2707
2,2708
22,2709
4,2710
7,2711
43,2712
18,2713
40,2714
6,2715
1,2716
1,2717
21,2718
26,2719
16,2720
31,2721
13,2722
37,2723
32,2724
28,2725
33,2726
5,2727
45,2728
2,2729
23,2730
31,2731
46,2732
5,2733
8,2734
6,2735
7,2736
18,2737
30,2738
11,2739
32,2740
1,2741
27,2742
26,2743
26,2744
18,2745
40,2746
50,2747
20,2748
21,2749
17,2750
2,2751
49,2752
16,2753
13,2754
43,2755
18,2756
6,2757
28,2758
24,2759
32,2760
41,2761
30,2762
3,2763
48,2764
4,2765
6,2766
7,2767
3,2768
9,2769
9,2770
39,2771
1,2772
30,2773
48,2774
13,2775
33,2776
6,2777
8,2778
10,2779
42,2780
44,2781
21,2782
37,2783
36,2784
26,2785
22,2786
27,2787
1,2788
50,2789
25,2790
4,2791
2,2792
37,2793
6,2794
35,2795
43,2796
13,2797
12,2798
6,2799
5,2800
42,2801
1,2802
11,2803
5,2804
1,2805
19,2806
49,2807
32,2808
28,2809
3,2810
13,2811
37,2812
7,2813
31,2814
6,2815
6,2816
2,2817
1,2818
12,2819
33,2820
26,2821
21,2822
6,2823
5,2824
11,2825
18,2826
43,2827
6,2828
1,2829
7,2830
23,2831
39,2832
5,2833
3,2834
3,2835
22,2836
4,2837
39,2838
6,2839
17,2840
8,2841
42,2842
17,2843
26,2844
13,2845
7,2846
1,2847
4,2848
2,2849
7,2850
30,2851
29,2852
1,2853
7,2854
15,2855
2,2856
30,2857
26,2858
43,2859
8,2860
10,2861
6,2862
39,2863
37,2864
1,2865
26,2866
42,2867
7,2868
1,2869
3,2870
34,2871
20,2872
1,2873
8,2874
33,2875
39,2876
9,2877
44,2878
4,2879
48,2880
4,2881
29,2882
22,2883
33,2884
49,2885
2,2886
13,2887
21,2888
10,2889
2,2890
33,2891
9,2892
15,2893
37,2894
43,2895
43,2896
45,2897
40,2898
5,2899
19,2900
33,2901
2,2902
13,2903
37,2904
29,2905
18,2906
2,2907
1,2908
5,2909
7,2910
43,2911
8,2912
4,2913
3,2914
9,2915
33,2916
50,2917
27,2918
25,2919
25,2920
5,2921
25,2922
37,2923
19,2924
6,2925
15,2926
4,2927
26,2928
31,2929
5,2930
10,2931
16,2932
31,2933
15,2934
14,2935
45,2936
1,2937
15,2938
37,2939
17,2940
15,2941
8,2942
34,2943
7,2944
34,2945
6,2946
32,2947
7,2948
28,2949
50,2950
5,2951
13,2952
28,2953
36,2954
2,2955
45,2956
12,2957
15,2958
19,2959
7,2960
32,2961
8,2962
15,2963
45,2964
24,2965
15,2966
47,2967
8,2968
47,2969
31,2970
10,2971
32,2972
36,2973
39,2974
5,2975
26,2976
3,2977
5,2978
32,2979
43,2980
21,2981
38,2982
36,2983
28,2984
6,2985
6,2986
5,2987
29,2988
19,2989
14,2990
4,2991
7,2992
5,2993
23,2994
32,2995
46,2996
34,2997
40,2998
29,2999
2,3000
27,3001
7,3002
36,3003
22,3004
1,3005
33,3006
8,3007
2,3008
6,3009
3,3010
12,3011
26,3012
30,3013
7,3014
46,3015
28,3016
27,3017
4,3018
33,3019
8,3020
31,3021
11,3022
8,3023
3,3024
25,3025
21,3026
39,3027
7,3028
50,3029
40,3030
13,3031
2,3032
1,3033
36,3034
45,3035
6,3036
19,3037
7,3038
41,3039
32,3040
3,3041
5,3042
37,3043
44,3044
34,3045
33,3046
31,3047
12,3048
49,3049
42,3050
35,3051
2,3052
11,3053
50,3054
47,3055
32,3056
10,3057
6,3058
41,3059
7,3060
44,3061
8,3062
3,3063
16,3064
27,3065
3,3066
25,3067
2,3068
45,3069
8,3070
43,3071
5,3072
49,3073
42,3074
4,3075
5,3076
20,3077
32,3078
7,3079
14,3080
8,3081
23,3082
32,3083
13,3084
4,3085
11,3086
1,3087
10,3088
7,3089
2,3090
11,3091
17,3092
8,3093
13,3094
26,3095
17,3096
45,3097
27,3098
27,3099
23,3100
23,3101
43,3102
45,3103
6,3104
9,3105
3,3106
17,3107
42,3108
7,3109
35,3110
35,3111
24,3112
32,3113
7,3114
7,3115
4,3116
27,3117
5,3118
9,3119
6,3120
12,3121
37,3122
18,3123
5,3124
21,3125
8,3126
7,3127
22,3128
45,3129
6,3130
3,3131
6,3132
4,3133
46,3134
27,3135
33,3136
29,3137
41,3138
46,3139
4,3140
2,3141
8,3142
5,3143
42,3144
37,3145
1,3146
40,3147
2,3148
16,3149
23,3150
3,3151
28,3152
4,3153
35,3154
5,3155
10,3156
49,3157
24,3158
22,3159
39,3160
27,3161
32,3162
14,3163
1,3164
2,3165
29,3166
2,3167
41,3168
1,3169
35,3170
7,3171
32,3172
2,3173
2,3174
15,3175
44,3176
3,3177
13,3178
1,3179
48,3180
7,3181
8,3182
47,3183
37,3184
1,3185
38,3186
37,3187
2,3188
45,3189
31,3190
17,3191
18,3192
41,3193
45,3194
16,3195
15,3196
38,3197
16,3198
6,3199
17,3200
46,3201
15,3202
18,3203
36,3204
22,3205
4,3206
31,3207
31,3208
28,3209
33,3210
48,3211
50,3212
7,3213
5,3214
30,3215
16,3216
5,3217
9,3218
44,3219
15,3220
1,3221
37,3222
20,3223
43,3224
1,3225
13,3226
27,3227
6,3228
45,3229
11,3230
48,3231
2,3232
28,3233
36,3234
28,3235
3,3236
27,3237
19,3238
38,3239
8,3240
18,3241
8,3242
11,3243
25,3244
4,3245
26,3246
32,3247
5,3248
50,3249
6,3250
25,3251
21,3252
38,3253
11,3254
40,3255
43,3256
7,3257
36,3258
50,3259
28,3260
2,3261
36,3262
26,3263
26,3264
12,3265
1,3266
49,3267
2,3268
36,3269
5,3270
29,3271
33,3272
49,3273
32,3274
6,3275
11,3276
3,3277
50,3278
26,3279
32,3280
39,3281
5,3282
19,3283
1,3284
14,3285
50,3286
6,3287
37,3288
2,3289
15,3290
47,3291
39,3292
17,3293
23,3294
11,3295
37,3296
45,3297
42,3298
8,3299
2,3300
4,3301
44,3302
1,3303
45,3304
18,3305
20,3306
16,3307
12,3308
46,3309
46,3310
10,3311
4,3312
44,3313
6,3314
33,3315
6,3316
5,3317
49,3318
39,3319
36,3320
2,3321
23,3322
41,3323
32,3324
13,3325
6,3326
49,3327
24,3328
45,3329
47,3330
7,3331
5,3332
22,3333
22,3334
32,3335
27,3336
50,3337
23,3338
1,3339
2,3340
9,3341
11,3342
50,3343
31,3344
17,3345
27,3346
5,3347
30,3348
1,3349
15,3350
34,3351
4,3352
18,3353
3,3354
8,3355
31,3356
39,3357
36,3358
26,3359
16,3360
36,3361
22,3362
3,3363
4,3364
3,3365
11,3366
34,3367
7,3368
27,3369
14,3370
16,3371
6,3372
47,3373
2,3374
13,3375
24,3376
49,3377
22,3378
27,3379
1,3380
1,3381
7,3382
29,3383
50,3384
12,3385
3,3386
30,3387
4,3388
10,3389
10,3390
39,3391
3,3392
44,3393
37,3394
25,3395
25,3396
24,3397
21,3398
1,3399
5,3400
13,3401
6,3402
9,3403
36,3404
23,3405
7,3406
19,3407
32,3408
8,3409
34,3410
44,3411
2,3412
31,3413
10,3414
1,3415
42,3416
47,3417
23,3418
2,3419
11,3420
34,3421
13,3422
1,3423
48,3424
23,3425
6,3426
16,3427
16,3428
20,3429
5,3430
30,3431
36,3432
6,3433
22,3434
20,3435
2,3436
43,3437
3,3438
34,3439
18,3440
18,3441
49,3442
22,3443
28,3444
47,3445
26,3446
10,3447
4,3448
43,3449
29,3450
7,3451
27,3452
9,3453
5,3454
15,3455
48,3456
45,3457
8,3458
17,3459
3,3460
48,3461
7,3462
6,3463
24,3464
4,3465
32,3466
6,3467
33,3468
10,3469
7,3470
25,3471
46,3472
19,3473
45,3474
1,3475
38,3476
5,3477
38,3478
2,3479
47,3480
48,3481
3,3482
19,3483
18,3484
33,3485
36,3486
1,3487
8,3488
6,3489
26,3490
14,3491
4,3492
9,3493
33,3494
9,3495
40,3496
49,3497
48,3498
41,3499
29,3500
5,3501
41,3502
24,3503
1,3504
29,3505
9,3506
8,3507
41,3508
37,3509
6,3510
26,3511
2,3512
46,3513
15,3514
8,3515
15,3516
3,3517
20,3518
35,3519
18,3520
1,3521
6,3522
6,3523
32,3524
47,3525
2,3526
1,3527
12,3528
50,3529
36,3530
3,3531
21,3532
15,3533
4,3534
38,3535
11,3536
15,3537
1,3538
45,3539
7,3540
25,3541
28,3542
39,3543
3,3544
17,3545
9,3546
10,3547
26,3548
49,3549
23,3550
3,3551
21,3552
27,3553
28,3554
22,3555
36,3556
35,3557
43,3558
2,3559
1,3560
13,3561
40,3562
46,3563
8,3564
34,3565
13,3566
43,3567
46,3568
10,3569
21,3570
2,3571
40,3572
28,3573
26,3574
27,3575
22,3576
23,3577
49,3578
23,3579
5,3580
33,3581
6,3582
41,3583
13,3584
40,3585
44,3586
2,3587
26,3588
4,3589
33,3590
10,3591
15,3592
38,3593
21,3594
41,3595
1,3596
19,3597
13,3598
5,3599
27,3600
40,3601
7,3602
47,3603
29,3604
14,3605
44,3606
45,3607
8,3608
4,3609
42,3610
17,3611
15,3612
4,3613
30,3614
1,3615
21,3616
1,3617
6,3618
8,3619
40,3620
27,3621
14,3622
43,3623
2,3624
14,3625
22,3626
33,3627
42,3628
35,3629
2,3630
17,3631
30,3632
43,3633
5,3634
46,3635
10,3636
1,3637
14,3638
31,3639
17,3640
6,3641
8,3642
15,3643
5,3644
31,3645
2,3646
44,3647
2,3648
7,3649
44,3650
8,3651
43,3652
3,3653
49,3654
41,3655
7,3656
22,3657
18,3658
1,3659
20,3660
50,3661
8,3662
2,3663
34,3664
50,3665
24,3666
4,3667
45,3668
49,3669
2,3670
16,3671
27,3672
10,3673
20,3674
5,3675
34,3676
1,3677
17,3678
37,3679
20,3680
4,3681
13,3682
6,3683
13,3684
29,3685
23,3686
11,3687
21,3688
29,3689
16,3690
19,3691
27,3692
11,3693
33,3694
22,3695
50,3696
46,3697
29,3698
7,3699
3,3700
37,3701
12,3702
21,3703
35,3704
5,3705
15,3706
20,3707
6,3708
45,3709
50,3710
32,3711
12,3712
5,3713
32,3714
32,3715
7,3716
31,3717
44,3718
15,3719
38,3720
1,3721
32,3722
24,3723
20,3724
4,3725
32,3726
6,3727
39,3728
37,3729
40,3730
5,3731
9,3732
24,3733
35,3734
7,3735
44,3736
20,3737
17,3738
6,3739
26,3740
28,3741
2,3742
38,3743
21,3744
6,3745
35,3746
40,3747
34,3748
2,3749
11,3750
4,3751
12,3752
20,3753
30,3754
8,3755
31,3756
1,3757
18,3758
31,3759
5,3760
15,3761
40,3762
15,3763
8,3764
11,3765
2,3766
48,3767
4,3768
19,3769
15,3770
2,3771
25,3772
11,3773
7,3774
39,3775
8,3776
33,3777
22,3778
13,3779
26,3780
28,3781
45,3782
48,3783
45,3784
6,3785
20,3786
34,3787
7,3788
18,3789
35,3790
29,3791
3,3792
32,3793
13,3794
1,3795
5,3796
8,3797
39,3798
34,3799
36,3800
27,3801
8,3802
3,3803
48,3804
38,3805
44,3806
30,3807
32,3808
1,3809
6,3810
4,3811
37,3812
45,3813
38,3814
15,3815
30,3816
42,3817
1,3818
34,3819
1,3820
41,3821
28,3822
7,3823
46,3824
2,3825
3,3826
45,3827
13,3828
10,3829
3,3830
37,3831
1,3832
28,3833
31,3834
4,3835
41,3836
28,3837
1,3838
33,3839
2,3840
12,3841
5,3842
2,3843
35,3844
5,3845
23,3846
1,3847
40,3848
6,3849
4,3850
16,3851
16,3852
37,3853
46,3854
16,3855
5,3856
39,3857
6,3858
29,3859
20,3860
6,3861
20,3862
22,3863
7,3864
23,3865
29,3866
1,3867
45,3868
25,3869
5,3870
26,3871
47,3872
30,3873
6,3874
50,3875
1,3876
7,3877
49,3878
39,3879
21,3880
33,3881
44,3882
43,3883
12,3884
29,3885
38,3886
47,3887
3,3888
13,3889
6,3890
36,3891
23,3892
8,3893
22,3894
14,3895
36,3896
49,3897
44,3898
5,3899
39,3900
32,3901
16,3902
2,3903
33,3904
14,3905
20,3906
22,3907
1,3908
16,3909
29,3910
21,3911
2,3912
37,3913
8,3914
4,3915
46,3916
47,3917
16,3918
47,3919
14,3920
41,3921
45,3922
13,3923
29,3924
3,3925
45,3926
9,3927
12,3928
7,3929
45,3930
26,3931
4,3932
25,3933
14,3934
31,3935
26,3936
32,3937
15,3938
19,3939
44,3940
34,3941
14,3942
25,3943
8,3944
43,3945
26,3946
45,3947
3,3948
2,3949
1,3950
12,3951
44,3952
11,3953
2,3954
9,3955
40,3956
12,3957
35,3958
13,3959
1,3960
2,3961
15,3962
2,3963
43,3964
6,3965
31,3966
38,3967
29,3968
5,3969
11,3970
6,3971
4,3972
24,3973
30,3974
17,3975
38,3976
44,3977
1,3978
3,3979
2,3980
4,3981
7,3982
23,3983
39,3984
38,3985
8,3986
46,3987
26,3988
17,3989
34,3990
30,3991
3,3992
9,3993
28,3994
2,3995
25,3996
23,3997
5,3998
36,3999
1,4000
33,4001
2,4002
31,4003
16,4004
9,4005
30,4006
24,4007
6,4008
15,4009
1,4010
43,4011
2,4012
15,4013
7,4014
6,4015
2,4016
44,4017
14,4018
4,4019
25,4020
40,4021
18,4022
46,4023
13,4024
32,4025
8,4026
15,4027
5,4028
25,4029
6,4030
46,4031
2,4032
5,4033
5,4034
4,4035
22,4036
5,4037
5,4038
43,4039
2,4040
35,4041
50,4042
27,4043
7,4044
7,4045
6,4046
27,4047
33,4048
7,4049
47,4050
31,4051
49,4052
12,4053
42,4054
9,4055
10,4056
21,4057
8,4058
3,4059
35,4060
7,4061
45,4062
20,4063
18,4064
5,4065
32,4066
3,4067
6,4068
45,4069
40,4070
1,4071
3,4072
32,4073
17,4074
6,4075
24,4076
7,4077
13,4078
16,4079
26,4080
43,4081
6,4082
47,4083
6,4084
2,4085
2,4086
28,4087
46,4088
42,4089
50,4090
4,4091
36,4092
7,4093
49,4094
35,4095
30,4096
21,4097
39,4098
3,4099
9,4100
4,4101
7,4102
15,4103
15,4104
20,4105
18,4106
5,4107
12,4108
25,4109
8,4110
31,4111
41,4112
23,4113
3,4114
15,4115
28,4116
12,4117
6,4118
47,4119
48,4120
17,4121
26,4122
48,4123
3,4124
50,4125
32,4126
30,4127
47,4128
6,4129
48,4130
13,4131
34,4132
13,4133
8,4134
1,4135
48,4136
2,4137
34,4138
11,4139
13,4140
5,4141
45,4142
6,4143
34,4144
3,4145
18,4146
7,4147
17,4148
50,4149
5,4150
40,4151
8,4152
25,4153
25,4154
40,4155
17,4156
38,4157
10,4158
31,4159
4,4160
35,4161
26,4162
49,4163
12,4164
27,4165
40,4166
49,4167
27,4168
28,4169
17,4170
35,4171
45,4172
6,4173
45,4174
25,4175
12,4176
16,4177
43,4178
6,4179
26,4180
5,4181
37,4182
30,4183
38,4184
16,4185
43,4186
35,4187
42,4188
13,4189
2,4190
33,4191
13,4192
7,4193
23,4194
2,4195
36,4196
38,4197
8,4198
12,4199
11,4200
43,4201
7,4202
39,4203
4,4204
26,4205
39,4206
30,4207
31,4208
1,4209
14,4210
6,4211
1,4212
5,4213
18,4214
11,4215
2,4216
41,4217
20,4218
46,4219
41,4220
6,4221
21,4222
5,4223
1,4224
6,4225
39,4226
44,4227
22,4228
16,4229
30,4230
5,4231
34,4232
4,4233
3,4234
7,4235
4,4236
44,4237
10,4238
11,4239
31,4240
7,4241
48,4242
8,4243
20,4244
17,4245
33,4246
36,4247
36,4248
13,4249
20,4250
33,4251
6,4252
47,4253
48,4254
9,4255
7,4256
13,4257
42,4258
23,4259
8,4260
22,4261
34,4262
17,4263
45,4264
19,4265
35,4266
29,4267
14,4268
7,4269
22,4270
14,4271
38,4272
35,4273
7,4274
29,4275
1,4276
2,4277
39,4278
2,4279
47,4280
18,4281
25,4282
46,4283
34,4284
20,4285
38,4286
3,4287
6,4288
19,4289
10,4290
4,4291
30,4292
21,4293
7,4294
15,4295
18,4296
13,4297
22,4298
33,4299
31,4300
5,4301
37,4302
48,4303
32,4304
17,4305
6,4306
12,4307
24,4308
42,4309
8,4310
1,4311
12,4312
46,4313
30,4314
9,4315
33,4316
21,4317
34,4318
2,4319
50,4320
1,4321
5,4322
30,4323
7,4324
15,4325
15,4326
19,4327
1,4328
19,4329
8,4330
44,4331
9,4332
8,4333
13,4334
1,4335
32,4336
12,4337
4,4338
50,4339
23,4340
10,4341
31,4342
4,4343
42,4344
39,4345
25,4346
6,4347
9,4348
20,4349
2,4350
14,4351
35,4352
5,4353
11,4354
44,4355
41,4356
50,4357
10,4358
13,4359
3,4360
26,4361
19,4362
34,4363
3,4364
46,4365
21,4366
17,4367
26,4368
16,4369
35,4370
1,4371
48,4372
2,4373
44,4374
2,4375
45,4376
4,4377
13,4378
45,4379
37,4380
8,4381
34,4382
12,4383
50,4384
43,4385
38,4386
18,4387
3,4388
2,4389
4,4390
35,4391
31,4392
38,4393
15,4394
20,4395
47,4396
7,4397
42,4398
37,4399
33,4400
8,4401
35,4402
12,4403
47,4404
28,4405
50,4406
49,4407
43,4408
47,4409
1,4410
1,4411
35,4412
27,4413
26,4414
41,4415
49,4416
35,4417
28,4418
34,4419
15,4420
28,4421
36,4422
6,4423
32,4424
5,4425
16,4426
35,4427
7,4428
35,4429
41,4430
2,4431
1,4432
32,4433
1,4434
8,4435
11,4436
10,4437
33,4438
34,4439
1,4440
21,4441
12,4442
10,4443
14,4444
15,4445
40,4446
19,4447
6,4448
10,4449
2,4450
27,4451
3,4452
35,4453
38,4454
29,4455
29,4456
12,4457
6,4458
18,4459
2,4460
1,4461
3,4462
48,4463
2,4464
15,4465
31,4466
4,4467
45,4468
49,4469
17,4470
9,4471
50,4472
27,4473
5,4474
5,4475
6,4476
7,4477
5,4478
14,4479
9,4480
40,4481
3,4482
10,4483
4,4484
10,4485
10,4486
10,4487
2,4488
4,4489
8,4490
33,4491
14,4492
3,4493
27,4494
15,4495
15,4496
18,4497
25,4498
38,4499
37,4500
13,4501
49,4502
32,4503
43,4504
33,4505
4,4506
27,4507
12,4508
50,4509
49,4510
25,4511
29,4512
6,4513
39,4514
31,4515
29,4516
21,4517
25,4518
1,4519
22,4520
7,4521
7,4522
30,4523
6,4524
1,4525
45,4526
45,4527
39,4528
15,4529
28,4530
50,4531
38,4532
8,4533
22,4534
7,4535
3,4536
30,4537
33,4538
8,4539
26,4540
1,4541
44,4542
25,4543
32,4544
5,4545
42,4546
3,4547
35,4548
10,4549
46,4550
16,4551
6,4552
18,4553
37,4554
37,4555
5,4556
2,4557
11,4558
8,4559
21,4560
14,4561
30,4562
7,4563
49,4564
3,4565
19,4566
39,4567
27,4568
2,4569
31,4570
27,4571
25,4572
3,4573
49,4574
1,4575
32,4576
10,4577
6,4578
7,4579
3,4580
19,4581
42,4582
11,4583
4,4584
33,4585
35,4586
2,4587
33,4588
5,4589
21,4590
2,4591
10,4592
4,4593
47,4594
1,4595
31,4596
3,4597
24,4598
24,4599
31,4600
19,4601
8,4602
40,4603
11,4604
29,4605
34,4606
7,4607
50,4608
6,4609
14,4610
1,4611
31,4612
2,4613
39,4614
24,4615
22,4616
5,4617
18,4618
44,4619
25,4620
10,4621
33,4622
2,4623
2,4624
10,4625
1,4626
8,4627
36,4628
33,4629
11,4630
40,4631
3,4632
9,4633
45,4634
4,4635
40,4636
34,4637
1,4638
38,4639
29,4640
46,4641
1,4642
7,4643
20,4644
9,4645
4,4646
16,4647
2,4648
7,4649
3,4650
8,4651
16,4652
31,4653
7,4654
22,4655
50,4656
4,4657
37,4658
8,4659
7,4660
1,4661
38,4662
21,4663
41,4664
45,4665
40,4666
11,4667
20,4668
29,4669
33,4670
29,4671
17,4672
5,4673
8,4674
9,4675
48,4676
34,4677
6,4678
25,4679
50,4680
28,4681
40,4682
7,4683
31,4684
8,4685
20,4686
20,4687
1,4688
48,4689
6,4690
7,4691
50,4692
27,4693
43,4694
22,4695
2,4696
10,4697
5,4698
48,4699
37,4700
6,4701
31,4702
30,4703
5,4704
32,4705
7,4706
32,4707
17,4708
31,4709
1,4710
8,4711
44,4712
8,4713
6,4714
17,4715
7,4716
27,4717
2,4718
2,4719
15,4720
21,4721
40,4722
17,4723
19,4724
2,4725
1,4726
22,4727
8,4728
34,4729
27,4730
44,4731
45,4732
46,4733
2,4734
25,4735
19,4736
7,4737
36,4738
1,4739
25,4740
25,4741
42,4742
5,4743
4,4744
37,4745
13,4746
48,4747
5,4748
27,4749
2,4750
18,4751
18,4752
16,4753
1,4754
22,4755
2,4756
47,4757
7,4758
6,4759
10,4760
5,4761
22,4762
38,4763
50,4764
1,4765
9,4766
18,4767
48,4768
38,4769
7,4770
12,4771
42,4772
14,4773
21,4774
46,4775
3,4776
45,4777
27,4778
34,4779
8,4780
3,4781
49,4782
4,4783
37,4784
3,4785
14,4786
30,4787
16,4788
6,4789
38,4790
25,4791
20,4792
39,4793
41,4794
11,4795
36,4796
3,4797
33,4798
5,4799
47,4800
28,4801
4,4802
42,4803
40,4804
14,4805
7,4806
26,4807
48,4808
29,4809
30,4810
32,4811
49,4812
18,4813
5,4814
16,4815
40,4816
28,4817
8,4818
40,4819
40,4820
13,4821
43,4822
2,4823
45,4824
9,4825
5,4826
13,4827
10,4828
1,4829
40,4830
26,4831
11,4832
39,4833
26,4834
44,4835
20,4836
17,4837
35,4838
6,4839
18,4840
39,4841
28,4842
45,4843
22,4844
2,4845
38,4846
23,4847
9,4848
3,4849
14,4850
1,4851
3,4852
22,4853
5,4854
5,4855
37,4856
41,4857
24,4858
4,4859
43,4860
31,4861
48,4862
3,4863
43,4864
34,4865
20,4866
40,4867
2,4868
47,4869
13,4870
19,4871
38,4872
25,4873
16,4874
3,4875
37,4876
6,4877
7,4878
46,4879
46,4880
4,4881
26,4882
38,4883
5,4884
8,4885
7,4886
5,4887
8,4888
3,4889
15,4890
46,4891
32,4892
49,4893
1,4894
6,4895
35,4896
6,4897
32,4898
23,4899
7,4900
25,4901
5,4902
24,4903
43,4904
40,4905
4,4906
1,4907
9,4908
8,4909
31,4910
35,4911
11,4912
19,4913
11,4914
43,4915
30,4916
11,4917
19,4918
41,4919
22,4920
43,4921
6,4922
14,4923
11,4924
37,4925
2,4926
50,4927
27,4928
39,4929
47,4930
5,4931
17,4932
3,4933
12,4934
6,4935
45,4936
4,4937
43,4938
21,4939
27,4940
8,4941
6,4942
31,4943
22,4944
33,4945
15,4946
5,4947
19,4948
7,4949
31,4950
11,4951
40,4952
18,4953
14,4954
2,4955
8,4956
28,4957
49,4958
10,4959
13,4960
29,4961
41,4962
35,4963
34,4964
6,4965
21,4966
5,4967
5,4968
1,4969
3,4970
7,4971
34,4972
2,4973
3,4974
1,4975
18,4976
5,4977
6,4978
48,4979
10,4980
3,4981
31,4982
43,4983
32,4984
38,4985
19,4986
1,4987
46,4988
4,4989
47,4990
42,4991
25,4992
11,4993
7,4994
47,4995
18,4996
26,4997
26,4998
22,4999
26,5000
41,5001
27,5002
5,5003
6,5004
24,5005
49,5006
7,5007
1,5008
27,5009
37,5010
49,5011
12,5012
29,5013
26,5014
13,5015
3,5016
10,5017
30,5018
27,5019
20,5020
18,5021
5,5022
48,5023
43,5024
26,5025
49,5026
46,5027
36,5028
32,5029
17,5030
14,5031
28,5032
8,5033
26,5034
27,5035
2,5036
19,5037
34,5038
8,5039
13,5040
42,5041
23,5042
24,5043
20,5044
39,5045
1,5046
44,5047
48,5048
6,5049
40,5050
5,5051
46,5052
50,5053
21,5054
27,5055
2,5056
9,5057
6,5058
39,5059
6,5060
42,5061
26,5062
21,5063
19,5064
19,5065
15,5066
22,5067
1,5068
15,5069
7,5070
39,5071
40,5072
6,5073
37,5074
42,5075
39,5076
36,5077
10,5078
45,5079
2,5080
43,5081
1,5082
3,5083
44,5084
8,5085
49,5086
8,5087
43,5088
41,5089
16,5090
50,5091
5,5092
28,5093
29,5094
12,5095
12,5096
27,5097
6,5098
19,5099
36,5100
45,5101
7,5102
8,5103
21,5104
12,5105
38,5106
23,5107
31,5108
5,5109
46,5110
25,5111
16,5112
8,5113
38,5114
27,5115
35,5116
7,5117
17,5118
40,5119
1,5120
6,5121
47,5122
5,5123
19,5124
3,5125
15,5126
47,5127
37,5128
49,5129
17,5130
26,5131
50,5132
28,5133
41,5134
45,5135
4,5136
32,5137
45,5138
25,5139
50,5140
29,5141
6,5142
33,5143
27,5144
33,5145
38,5146
7,5147
8,5148
33,5149
6,5150
40,5151
8,5152
9,5153
1,5154
43,5155
17,5156
10,5157
7,5158
39,5159
2,5160
17,5161
22,5162
27,5163
5,5164
43,5165
49,5166
10,5167
2,5168
15,5169
22,5170
6,5171
20,5172
37,5173
28,5174
49,5175
45,5176
1,5177
15,5178
35,5179
7,5180
35,5181
2,5182
5,5183
45,5184
3,5185
19,5186
37,5187
3,5188
9,5189
19,5190
31,5191
2,5192
34,5193
24,5194
31,5195
8,5196
11,5197
32,5198
38,5199
32,5200
6,5201
26,5202
44,5203
44,5204
5,5205
47,5206
29,5207
7,5208
11,5209
43,5210
8,5211
3,5212
1,5213
3,5214
40,5215
32,5216
3,5217
33,5218
2,5219
6,5220
22,5221
30,5222
3,5223
23,5224
28,5225
42,5226
6,5227
3,5228
3,5229
7,5230
39,5231
4,5232
32,5233
5,5234
38,5235
39,5236
17,5237
17,5238
38,5239
19,5240
4,5241
1,5242
32,5243
6,5244
19,5245
18,5246
5,5247
22,5248
10,5249
2,5250
42,5251
47,5252
20,5253
5,5254
16,5255
4,5256
11,5257
6,5258
28,5259
37,5260
13,5261
6,5262
8,5263
1,5264
11,5265
7,5266
16,5267
3,5268
4,5269
9,5270
1,5271
24,5272
2,5273
23,5274
7,5275
38,5276
36,5277
8,5278
2,5279
14,5280
36,5281
14,5282
43,5283
5,5284
6,5285
40,5286
21,5287
9,5288
3,5289
7,5290
46,5291
5,5292
37,5293
41,5294
40,5295
17,5296
44,5297
2,5298
31,5299
30,5300
6,5301
45,5302
12,5303
7,5304
20,5305
1,5306
14,5307
5,5308
3,5309
7,5310
26,5311
39,5312
40,5313
38,5314
15,5315
24,5316
6,5317
40,5318
36,5319
43,5320
5,5321
20,5322
1,5323
21,5324
15,5325
19,5326
38,5327
2,5328
11,5329
13,5330
1,5331
28,5332
2,5333
8,5334
6,5335
10,5336
4,5337
33,5338
42,5339
31,5340
39,5341
7,5342
21,5343
28,5344
17,5345
32,5346
34,5347
8,5348
2,5349
25,5350
33,5351
32,5352
37,5353
3,5354
36,5355
24,5356
5,5357
41,5358
6,5359
9,5360
3,5361
27,5362
7,5363
43,5364
8,5365
38,5366
40,5367
43,5368
32,5369
21,5370
29,5371
40,5372
5,5373
19,5374
39,5375
1,5376
47,5377
15,5378
2,5379
17,5380
46,5381
40,5382
26,5383
8,5384
32,5385
48,5386
35,5387
41,5388
40,5389
6,5390
14,5391
32,5392
7,5393
40,5394
3,5395
35,5396
46,5397
3,5398
36,5399
5,5400
40,5401
4,5402
37,5403
26,5404
39,5405
21,5406
5,5407
21,5408
12,5409
6,5410
14,5411
40,5412
5,5413
10,5414
4,5415
2,5416
33,5417
49,5418
35,5419
20,5420
31,5421
47,5422
42,5423
43,5424
47,5425
19,5426
8,5427
25,5428
5,5429
19,5430
18,5431
40,5432
36,5433
1,5434
31,5435
29,5436
15,5437
40,5438
10,5439
2,5440
15,5441
15,5442
23,5443
20,5444
7,5445
36,5446
32,5447
47,5448
21,5449
1,5450
2,5451
33,5452
42,5453
8,5454
12,5455
39,5456
49,5457
4,5458
23,5459
27,5460
33,5461
36,5462
2,5463
5,5464
5,5465
21,5466
13,5467
28,5468
12,5469
2,5470
3,5471
6,5472
18,5473
25,5474
47,5475
7,5476
14,5477
26,5478
20,5479
3,5480
15,5481
13,5482
25,5483
11,5484
5,5485
37,5486
35,5487
30,5488
9,5489
30,5490
33,5491
37,5492
1,5493
19,5494
4,5495
23,5496
39,5497
22,5498
36,5499
50,5500
39,5501
45,5502
6,5503
17,5504
45,5505
44,5506
1,5507
44,5508
22,5509
5,5510
16,5511
27,5512
26,5513
12,5514
2,5515
41,5516
35,5517
1,5518
47,5519
3,5520
5,5521
2,5522
41,5523
11,5524
16,5525
4,5526
14,5527
5,5528
26,5529
36,5530
42,5531
39,5532
31,5533
28,5534
21,5535
8,5536
1,5537
49,5538
20,5539
2,5540
4,5541
24,5542
40,5543
22,5544
32,5545
3,5546
45,5547
4,5548
31,5549
2,5550
2,5551
7,5552
26,5553
20,5554
50,5555
4,5556
7,5557
7,5558
35,5559
43,5560
4,5561
23,5562
9,5563
25,5564
32,5565
42,5566
41,5567
1,5568
23,5569
2,5570
6,5571
3,5572
37,5573
4,5574
7,5575
40,5576
45,5577
35,5578
8,5579
5,5580
6,5581
29,5582
30,5583
3,5584
20,5585
46,5586
30,5587
26,5588
27,5589
7,5590
24,5591
40,5592
32,5593
36,5594
40,5595
50,5596
2,5597
16,5598
5,5599
18,5600
41,5601
30,5602
18,5603
45,5604
49,5605
48,5606
47,5607
46,5608
1,5609
14,5610
44,5611
27,5612
6,5613
3,5614
43,5615
25,5616
3,5617
19,5618
26,5619
1,5620
5,5621
43,5622
49,5623
42,5624
2,5625
13,5626
18,5627
8,5628
45,5629
3,5630
45,5631
8,5632
36,5633
1,5634
40,5635
5,5636
7,5637
49,5638
39,5639
1,5640
50,5641
4,5642
29,5643
37,5644
34,5645
7,5646
7,5647
12,5648
3,5649
13,5650
5,5651
6,5652
8,5653
13,5654
27,5655
33,5656
42,5657
22,5658
34,5659
37,5660
8,5661
21,5662
16,5663
15,5664
1,5665
22,5666
26,5667
10,5668
20,5669
28,5670
6,5671
7,5672
34,5673
39,5674
2,5675
39,5676
36,5677
21,5678
40,5679
39,5680
47,5681
5,5682
17,5683
10,5684
29,5685
47,5686
34,5687
8,5688
42,5689
34,5690
18,5691
2,5692
3,5693
17,5694
4,5695
14,5696
32,5697
41,5698
49,5699
6,5700
12,5701
46,5702
12,5703
1,5704
28,5705
32,5706
43,5707
44,5708
2,5709
6,5710
11,5711
7,5712
22,5713
34,5714
4,5715
21,5716
1,5717
27,5718
3,5719
18,5720
5,5721
29,5722
30,5723
8,5724
32,5725
38,5726
39,5727
41,5728
4,5729
5,5730
44,5731
46,5732
8,5733
27,5734
43,5735
36,5736
6,5737
21,5738
32,5739
32,5740
39,5741
49,5742
7,5743
11,5744
5,5745
42,5746
29,5747
8,5748
8,5749
43,5750
50,5751
2,5752
33,5753
1,5754
42,5755
32,5756
5,5757
3,5758
34,5759
32,5760
23,5761
7,5762
4,5763
15,5764
17,5765
6,5766
5,5767
33,5768
46,5769
44,5770
44,5771
41,5772
42,5773
27,5774
12,5775
28,5776
44,5777
49,5778
47,5779
1,5780
24,5781
44,5782
2,5783
11,5784
6,5785
40,5786
5,5787
8,5788
3,5789
17,5790
30,5791
30,5792
15,5793
1,5794
12,5795
41,5796
48,5797
34,5798
7,5799
19,5800
6,5801
35,5802
27,5803
9,5804
31,5805
23,5806
42,5807
5,5808
8,5809
26,5810
8,5811
7,5812
41,5813
1,5814
33,5815
6,5816
10,5817
3,5818
35,5819
8,5820
4,5821
16,5822
45,5823
40,5824
26,5825
8,5826
47,5827
40,5828
39,5829
40,5830
39,5831
4,5832
11,5833
27,5834
4,5835
5,5836
4,5837
2,5838
10,5839
3,5840
27,5841
4,5842
8,5843
41,5844
8,5845
46,5846
15,5847
7,5848
13,5849
47,5850
2,5851
40,5852
8,5853
10,5854
3,5855
45,5856
30,5857
18,5858
27,5859
46,5860
49,5861
35,5862
46,5863
27,5864
23,5865
34,5866
22,5867
42,5868
32,5869
20,5870
30,5871
35,5872
17,5873
21,5874
1,5875
48,5876
6,5877
22,5878
41,5879
5,5880
34,5881
43,5882
2,5883
10,5884
6,5885
27,5886
19,5887
49,5888
4,5889
8,5890
3,5891
32,5892
31,5893
49,5894
26,5895
7,5896
2,5897
4,5898
6,5899
43,5900
2,5901
28,5902
23,5903
8,5904
37,5905
2,5906
23,5907
1,5908
21,5909
12,5910
1,5911
22,5912
29,5913
22,5914
39,5915
2,5916
28,5917
27,5918
6,5919
43,5920
1,5921
20,5922
48,5923
1,5924
5,5925
9,5926
6,5927
17,5928
5,5929
17,5930
22,5931
33,5932
4,5933
45,5934
3,5935
42,5936
42,5937
49,5938
7,5939
6,5940
1,5941
22,5942
12,5943
5,5944
4,5945
45,5946
7,5947
12,5948
2,5949
8,5950
18,5951
1,5952
33,5953
8,5954
23,5955
18,5956
2,5957
46,5958
12,5959
5,5960
19,5961
4,5962
13,5963
32,5964
25,5965
20,5966
6,5967
29,5968
30,5969
13,5970
5,5971
15,5972
8,5973
18,5974
6,5975
20,5976
18,5977
3,5978
22,5979
16,5980
2,5981
1,5982
21,5983
4,5984
4,5985
41,5986
27,5987
28,5988
31,5989
19,5990
32,5991
29,5992
48,5993
45,5994
3,5995
17,5996
5,5997
19,5998
7,5999
49,6000
13,6001
12,6002
37,6003
20,6004
18,6005
2,6006
40,6007
48,6008
43,6009
42,6010
26,6011
21,6012
6,6013
19,6014
25,6015
2,6016
43,6017
12,6018
15,6019
3,6020
45,6021
30,6022
15,6023
3,6024
29,6025
3,6026
27,6027
13,6028
44,6029
4,6030
1,6031
50,6032
9,6033
5,6034
47,6035
6,6036
7,6037
4,6038
5,6039
50,6040
46,6041
5,6042
19,6043
18,6044
42,6045
39,6046
7,6047
47,6048
15,6049
6,6050
48,6051
39,6052
11,6053
46,6054
46,6055
5,6056
50,6057
38,6058
8,6059
3,6060
48,6061
18,6062
44,6063
18,6064
45,6065
16,6066
33,6067
18,6068
2,6069
18,6070
42,6071
47,6072
1,6073
30,6074
50,6075
15,6076
20,6077
33,6078
15,6079
6,6080
3,6081
14,6082
8,6083
2,6084
27,6085
38,6086
6,6087
12,6088
1,6089
2,6090
29,6091
3,6092
32,6093
7,6094
30,6095
17,6096
50,6097
5,6098
35,6099
32,6100
46,6101
1,6102
41,6103
22,6104
34,6105
6,6106
28,6107
13,6108
2,6109
12,6110
47,6111
39,6112
34,6113
5,6114
25,6115
32,6116
8,6117
25,6118
50,6119
25,6120
9,6121
25,6122
4,6123
39,6124
29,6125
28,6126
50,6127
25,6128
9,6129
7,6130
22,6131
49,6132
49,6133
8,6134
23,6135
38,6136
36,6137
32,6138
18,6139
40,6140
23,6141
6,6142
39,6143
47,6144
3,6145
3,6146
31,6147
16,6148
14,6149
7,6150
19,6151
37,6152
5,6153
38,6154
46,6155
6,6156
20,6157
47,6158
8,6159
18,6160
13,6161
6,6162
8,6163
42,6164
3,6165
41,6166
24,6167
39,6168
3,6169
11,6170
15,6171
15,6172
14,6173
7,6174
10,6175
9,6176
13,6177
4,6178
13,6179
43,6180
4,6181
16,6182
13,6183
22,6184
8,6185
44,6186
34,6187
2,6188
41,6189
44,6190
29,6191
12,6192
45,6193
34,6194
2,6195
48,6196
49,6197
44,6198
5,6199
32,6200
6,6201
14,6202
35,6203
43,6204
16,6205
43,6206
42,6207
33,6208
30,6209
35,6210
22,6211
43,6212
34,6213
25,6214
7,6215
22,6216
4,6217
5,6218
27,6219
50,6220
28,6221
47,6222
6,6223
25,6224
12,6225
1,6226
21,6227
34,6228
24,6229
22,6230
6,6231
2,6232
14,6233
43,6234
37,6235
43,6236
32,6237
8,6238
16,6239
11,6240
32,6241
1,6242
25,6243
40,6244
49,6245
2,6246
16,6247
7,6248
39,6249
23,6250
35,6251
41,6252
14,6253
5,6254
14,6255
48,6256
14,6257
8,6258
17,6259
28,6260
22,6261
46,6262
26,6263
10,6264
42,6265
3,6266
50,6267
29,6268
18,6269
10,6270
3,6271
2,6272
18,6273
32,6274
20,6275
8,6276
47,6277
32,6278
10,6279
6,6280
44,6281
12,6282
49,6283
5,6284
15,6285
7,6286
20,6287
2,6288
16,6289
34,6290
16,6291
21,6292
4,6293
8,6294
29,6295
47,6296
50,6297
4,6298
28,6299
39,6300
32,6301
39,6302
42,6303
31,6304
16,6305
21,6306
1,6307
28,6308
6,6309
24,6310
3,6311
25,6312
20,6313
15,6314
50,6315
38,6316
34,6317
5,6318
6,6319
34,6320
8,6321
33,6322
4,6323
5,6324
31,6325
28,6326
35,6327
20,6328
16,6329
38,6330
11,6331
3,6332
9,6333
16,6334
46,6335
30,6336
6,6337
36,6338
23,6339
39,6340
8,6341
20,6342
4,6343
47,6344
26,6345
38,6346
48,6347
1,6348
2,6349
11,6350
7,6351
14,6352
6,6353
14,6354
3,6355
3,6356
28,6357
47,6358
34,6359
8,6360
15,6361
32,6362
3,6363
41,6364
42,6365
9,6366
5,6367
16,6368
4,6369
26,6370
35,6371
15,6372
18,6373
18,6374
43,6375
32,6376
7,6377
5,6378
48,6379
43,6380
1,6381
34,6382
3,6383
8,6384
23,6385
2,6386
4,6387
25,6388
6,6389
41,6390
12,6391
41,6392
8,6393
45,6394
6,6395
45,6396
37,6397
23,6398
49,6399
14,6400
3,6401
41,6402
43,6403
6,6404
45,6405
15,6406
4,6407
20,6408
48,6409
28,6410
5,6411
13,6412
7,6413
48,6414
45,6415
5,6416
6,6417
1,6418
43,6419
49,6420
4,6421
21,6422
9,6423
6,6424
35,6425
10,6426
33,6427
5,6428
2,6429
23,6430
5,6431
16,6432
26,6433
32,6434
3,6435
22,6436
6,6437
44,6438
20,6439
32,6440
33,6441
34,6442
1,6443
18,6444
4,6445
32,6446
29,6447
30,6448
1,6449
8,6450
49,6451
13,6452
47,6453
7,6454
28,6455
45,6456
38,6457
4,6458
38,6459
26,6460
2,6461
5,6462
34,6463
10,6464
9,6465
24,6466
41,6467
1,6468
11,6469
35,6470
16,6471
32,6472
9,6473
7,6474
17,6475
31,6476
3,6477
29,6478
33,6479
8,6480
25,6481
15,6482
29,6483
4,6484
34,6485
41,6486
4,6487
15,6488
27,6489
44,6490
50,6491
4,6492
34,6493
46,6494
1,6495
9,6496
2,6497
46,6498
23,6499
11,6500
43,6501
38,6502
35,6503
14,6504
11,6505
26,6506
26,6507
15,6508
30,6509
1,6510
37,6511
34,6512
14,6513
9,6514
5,6515
49,6516
6,6517
40,6518
35,6519
5,6520
40,6521
50,6522
7,6523
46,6524
47,6525
23,6526
35,6527
29,6528
8,6529
22,6530
29,6531
41,6532
28,6533
47,6534
3,6535
29,6536
18,6537
22,6538
9,6539
28,6540
2,6541
12,6542
27,6543
5,6544
25,6545
35,6546
38,6547
4,6548
44,6549
2,6550
35,6551
50,6552
38,6553
41,6554
34,6555
19,6556
3,6557
25,6558
11,6559
1,6560
22,6561
2,6562
25,6563
1,6564
23,6565
6,6566
49,6567
17,6568
3,6569
10,6570
36,6571
8,6572
45,6573
21,6574
47,6575
13,6576
27,6577
23,6578
2,6579
15,6580
48,6581
4,6582
7,6583
33,6584
14,6585
3,6586
28,6587
50,6588
19,6589
1,6590
7,6591
50,6592
21,6593
7,6594
35,6595
1,6596
12,6597
44,6598
46,6599
4,6600
50,6601
26,6602
8,6603
34,6604
30,6605
8,6606
34,6607
34,6608
8,6609
10,6610
28,6611
1,6612
34,6613
49,6614
16,6615
5,6616
1,6617
2,6618
6,6619
32,6620
10,6621
5,6622
15,6623
30,6624
17,6625
4,6626
15,6627
12,6628
8,6629
33,6630
7,6631
16,6632
47,6633
31,6634
2,6635
34,6636
41,6637
31,6638
26,6639
12,6640
28,6641
1,6642
3,6643
6,6644
46,6645
4,6646
34,6647
30,6648
2,6649
9,6650
21,6651
46,6652
6,6653
49,6654
50,6655
8,6656
14,6657
43,6658
39,6659
25,6660
31,6661
1,6662
41,6663
23,6664
33,6665
28,6666
23,6667
3,6668
47,6669
9,6670
5,6671
34,6672
14,6673
20,6674
28,6675
2,6676
27,6677
3,6678
15,6679
41,6680
15,6681
25,6682
10,6683
20,6684
7,6685
1,6686
37,6687
36,6688
3,6689
5,6690
7,6691
31,6692
4,6693
6,6694
6,6695
38,6696
6,6697
9,6698
5,6699
16,6700
32,6701
44,6702
7,6703
23,6704
6,6705
29,6706
42,6707
5,6708
12,6709
48,6710
6,6711
8,6712
36,6713
11,6714
1,6715
5,6716
1,6717
47,6718
43,6719
19,6720
3,6721
2,6722
38,6723
20,6724
7,6725
29,6726
37,6727
6,6728
8,6729
22,6730
16,6731
24,6732
43,6733
3,6734
46,6735
8,6736
29,6737
36,6738
34,6739
4,6740
5,6741
2,6742
44,6743
21,6744
16,6745
30,6746
8,6747
1,6748
21,6749
5,6750
15,6751
5,6752
44,6753
6,6754
49,6755
7,6756
41,6757
38,6758
2,6759
26,6760
12,6761
8,6762
1,6763
31,6764
3,6765
50,6766
45,6767
47,6768
31,6769
4,6770
48,6771
20,6772
12,6773
12,6774
15,6775
5,6776
50,6777
6,6778
27,6779
11,6780
5,6781
45,6782
46,6783
36,6784
38,6785
7,6786
29,6787
15,6788
47,6789
6,6790
1,6791
10,6792
2,6793
50,6794
5,6795
6,6796
9,6797
3,6798
48,6799
4,6800
29,6801
30,6802
19,6803
23,6804
6,6805
1,6806
6,6807
24,6808
8,6809
26,6810
2,6811
47,6812
17,6813
37,6814
16,6815
11,6816
33,6817
23,6818
11,6819
45,6820
14,6821
18,6822
17,6823
34,6824
13,6825
17,6826
47,6827
1,6828
29,6829
23,6830
9,6831
7,6832
1,6833
8,6834
18,6835
2,6836
39,6837
10,6838
5,6839
12,6840
15,6841
50,6842
25,6843
41,6844
47,6845
4,6846
3,6847
38,6848
7,6849
1,6850
9,6851
42,6852
23,6853
6,6854
18,6855
4,6856
23,6857
17,6858
13,6859
13,6860
34,6861
9,6862
2,6863
21,6864
20,6865
6,6866
15,6867
7,6868
13,6869
41,6870
2,6871
6,6872
22,6873
50,6874
5,6875
1,6876
39,6877
2,6878
22,6879
8,6880
21,6881
3,6882
29,6883
5,6884
17,6885
5,6886
35,6887
48,6888
43,6889
1,6890
29,6891
49,6892
17,6893
33,6894
1,6895
46,6896
42,6897
8,6898
33,6899
8,6900
5,6901
22,6902
32,6903
31,6904
25,6905
4,6906
9,6907
39,6908
6,6909
14,6910
11,6911
4,6912
43,6913
41,6914
5,6915
2,6916
16,6917
21,6918
7,6919
39,6920
22,6921
4,6922
7,6923
46,6924
22,6925
43,6926
10,6927
3,6928
50,6929
18,6930
2,6931
3,6932
18,6933
3,6934
44,6935
26,6936
39,6937
8,6938
2,6939
1,6940
32,6941
11,6942
37,6943
24,6944
40,6945
12,6946
5,6947
46,6948
9,6949
25,6950
27,6951
5,6952
37,6953
44,6954
1,6955
34,6956
12,6957
47,6958
6,6959
48,6960
34,6961
5,6962
9,6963
23,6964
5,6965
6,6966
7,6967
13,6968
10,6969
47,6970
7,6971
4,6972
6,6973
37,6974
34,6975
17,6976
47,6977
16,6978
37,6979
14,6980
8,6981
11,6982
21,6983
10,6984
2,6985
35,6986
50,6987
37,6988
9,6989
26,6990
32,6991
3,6992
2,6993
2,6994
1,6995
28,6996
8,6997
23,6998
2,6999
3,7000
1,7001
42,7002
50,7003
45,7004
3,7005
13,7006
9,7007
27,7008
47,7009
22,7010
43,7011
33,7012
33,7013
45,7014
4,7015
10,7016
10,7017
10,7018
44,7019
6,7020
19,7021
47,7022
44,7023
5,7024
22,7025
31,7026
9,7027
26,7028
18,7029
6,7030
18,7031
1,7032
28,7033
47,7034
2,7035
37,7036
34,7037
8,7038
36,7039
7,7040
3,7041
5,7042
8,7043
20,7044
7,7045
32,7046
8,7047
35,7048
14,7049
18,7050
28,7051
3,7052
2,7053
12,7054
26,7055
7,7056
39,7057
19,7058
49,7059
8,7060
6,7061
27,7062
35,7063
19,7064
31,7065
5,7066
37,7067
41,7068
3,7069
6,7070
41,7071
4,7072
13,7073
1,7074
38,7075
33,7076
42,7077
11,7078
5,7079
19,7080
22,7081
11,7082
1,7083
14,7084
34,7085
45,7086
42,7087
33,7088
24,7089
7,7090
36,7091
7,7092
10,7093
20,7094
2,7095
19,7096
7,7097
44,7098
17,7099
11,7100
45,7101
50,7102
45,7103
48,7104
44,7105
11,7106
31,7107
49,7108
38,7109
4,7110
26,7111
5,7112
8,7113
24,7114
2,7115
34,7116
20,7117
21,7118
11,7119
39,7120
47,7121
6,7122
39,7123
24,7124
13,7125
6,7126
28,7127
20,7128
12,7129
27,7130
39,7131
3,7132
41,7133
22,7134
7,7135
10,7136
5,7137
48,7138
11,7139
6,7140
32,7141
30,7142
43,7143
21,7144
38,7145
33,7146
8,7147
30,7148
4,7149
46,7150
36,7151
47,7152
41,7153
7,7154
32,7155
8,7156
23,7157
14,7158
13,7159
45,7160
42,7161
41,7162
19,7163
1,7164
26,7165
44,7166
37,7167
2,7168
17,7169
39,7170
42,7171
6,7172
1,7173
8,7174
14,7175
9,7176
50,7177
3,7178
23,7179
2,7180
24,7181
48,7182
16,7183
3,7184
13,7185
42,7186
5,7187
48,7188
24,7189
6,7190
12,7191
44,7192
48,7193
36,7194
47,7195
6,7196
29,7197
9,7198
50,7199
1,7200
20,7201
15,7202
49,7203
36,7204
17,7205
34,7206
4,7207
19,7208
22,7209
31,7210
29,7211
2,7212
23,7213
1,7214
47,7215
5,7216
43,7217
21,7218
35,7219
37,7220
27,7221
6,7222
48,7223
18,7224
2,7225
9,7226
27,7227
1,7228
32,7229
21,7230
2,7231
40,7232
22,7233
7,7234
20,7235
9,7236
41,7237
2,7238
27,7239
36,7240
32,7241
10,7242
1,7243
3,7244
14,7245
21,7246
5,7247
12,7248
7,7249
27,7250
27,7251
8,7252
14,7253
33,7254
40,7255
18,7256
50,7257
27,7258
44,7259
18,7260
6,7261
3,7262
5,7263
2,7264
4,7265
31,7266
5,7267
3,7268
24,7269
7,7270
14,7271
49,7272
6,7273
45,7274
3,7275
39,7276
19,7277
29,7278
26,7279
1,7280
14,7281
30,7282
5,7283
36,7284
17,7285
4,7286
6,7287
4,7288
9,7289
33,7290
35,7291
5,7292
29,7293
49,7294
5,7295
3,7296
14,7297
6,7298
15,7299
36,7300
14,7301
5,7302
20,7303
45,7304
36,7305
6,7306
41,7307
37,7308
44,7309
7,7310
8,7311
30,7312
38,7313
8,7314
5,7315
32,7316
8,7317
36,7318
2,7319
39,7320
31,7321
49,7322
30,7323
16,7324
1,7325
50,7326
20,7327
39,7328
11,7329
50,7330
37,7331
49,7332
37,7333
38,7334
17,7335
45,7336
35,7337
12,7338
18,7339
38,7340
29,7341
36,7342
25,7343
5,7344
17,7345
47,7346
2,7347
37,7348
6,7349
26,7350
3,7351
41,7352
1,7353
7,7354
39,7355
44,7356
35,7357
4,7358
10,7359
45,7360
3,7361
5,7362
5,7363
6,7364
3,7365
16,7366
48,7367
28,7368
36,7369
8,7370
16,7371
49,7372
13,7373
32,7374
1,7375
38,7376
10,7377
44,7378
37,7379
41,7380
42,7381
46,7382
2,7383
29,7384
20,7385
5,7386
18,7387
33,7388
7,7389
1,7390
36,7391
1,7392
7,7393
39,7394
39,7395
8,7396
47,7397
17,7398
31,7399
3,7400
28,7401
24,7402
24,7403
48,7404
29,7405
49,7406
2,7407
37,7408
5,7409
46,7410
13,7411
6,7412
19,7413
3,7414
12,7415
2,7416
12,7417
8,7418
25,7419
43,7420
21,7421
1,7422
28,7423
42,7424
22,7425
5,7426
8,7427
20,7428
19,7429
6,7430
19,7431
5,7432
23,7433
34,7434
32,7435
40,7436
6,7437
41,7438
23,7439
45,7440
14,7441
10,7442
5,7443
12,7444
26,7445
43,7446
6,7447
4,7448
44,7449
35,7450
44,7451
34,7452
8,7453
26,7454
12,7455
33,7456
48,7457
8,7458
12,7459
15,7460
6,7461
16,7462
23,7463
1,7464
45,7465
2,7466
18,7467
26,7468
48,7469
36,7470
3,7471
40,7472
49,7473
31,7474
1,7475
34,7476
30,7477
17,7478
3,7479
3,7480
40,7481
50,7482
29,7483
26,7484
40,7485
2,7486
22,7487
1,7488
13,7489
45,7490
12,7491
5,7492
9,7493
46,7494
4,7495
49,7496
1,7497
6,7498
26,7499
2,7500
22,7501
7,7502
36,7503
14,7504
50,7505
20,7506
5,7507
40,7508
2,7509
11,7510
35,7511
8,7512
40,7513
15,7514
11,7515
41,7516
20,7517
22,7518
38,7519
46,7520
6,7521
39,7522
1,7523
23,7524
2,7525
40,7526
15,7527
6,7528
13,7529
2,7530
5,7531
32,7532
1,7533
4,7534
3,7535
16,7536
45,7537
15,7538
16,7539
37,7540
7,7541
36,7542
26,7543
36,7544
10,7545
15,7546
15,7547
4,7548
46,7549
17,7550
31,7551
13,7552
2,7553
31,7554
1,7555
38,7556
39,7557
11,7558
9,7559
4,7560
49,7561
29,7562
7,7563
26,7564
6,7565
14,7566
2,7567
37,7568
1,7569
20,7570
5,7571
20,7572
5,7573
6,7574
40,7575
27,7576
6,7577
43,7578
20,7579
19,7580
41,7581
11,7582
5,7583
30,7584
2,7585
40,7586
4,7587
45,7588
42,7589
3,7590
15,7591
4,7592
27,7593
7,7594
1,7595
7,7596
8,7597
4,7598
42,7599
4,7600
15,7601
47,7602
23,7603
42,7604
1,7605
38,7606
21,7607
2,7608
6,7609
3,7610
7,7611
18,7612
2,7613
23,7614
8,7615
23,7616
22,7617
44,7618
48,7619
3,7620
30,7621
44,7622
1,7623
34,7624
5,7625
12,7626
10,7627
20,7628
43,7629
6,7630
29,7631
41,7632
40,7633
34,7634
2,7635
44,7636
41,7637
5,7638
39,7639
22,7640
6,7641
38,7642
7,7643
45,7644
41,7645
50,7646
5,7647
4,7648
38,7649
46,7650
42,7651
8,7652
31,7653
46,7654
34,7655
26,7656
3,7657
7,7658
27,7659
45,7660
29,7661
4,7662
30,7663
37,7664
48,7665
41,7666
33,7667
17,7668
31,7669
24,7670
17,7671
7,7672
6,7673
28,7674
9,7675
17,7676
7,7677
42,7678
32,7679
38,7680
23,7681
5,7682
5,7683
45,7684
45,7685
42,7686
50,7687
2,7688
1,7689
47,7690
12,7691
30,7692
17,7693
22,7694
2,7695
24,7696
3,7697
47,7698
8,7699
9,7700
4,7701
9,7702
17,7703
42,7704
46,7705
34,7706
36,7707
15,7708
17,7709
4,7710
4,7711
39,7712
1,7713
15,7714
26,7715
44,7716
6,7717
13,7718
6,7719
42,7720
1,7721
21,7722
49,7723
28,7724
9,7725
2,7726
2,7727
3,7728
20,7729
4,7730
35,7731
18,7732
41,7733
38,7734
10,7735
12,7736
14,7737
25,7738
42,7739
49,7740
42,7741
30,7742
41,7743
5,7744
36,7745
17,7746
25,7747
7,7748
41,7749
6,7750
30,7751
2,7752
3,7753
25,7754
25,7755
7,7756
27,7757
47,7758
23,7759
49,7760
36,7761
30,7762
31,7763
44,7764
8,7765
11,7766
12,7767
17,7768
17,7769
6,7770
49,7771
47,7772
1,7773
47,7774
39,7775
48,7776
50,7777
5,7778
26,7779
14,7780
17,7781
6,7782
13,7783
48,7784
37,7785
31,7786
32,7787
49,7788
2,7789
42,7790
28,7791
20,7792
44,7793
35,7794
46,7795
3,7796
6,7797
28,7798
40,7799
28,7800
46,7801
37,7802
20,7803
5,7804
22,7805
6,7806
37,7807
1,7808
8,7809
40,7810
30,7811
4,7812
18,7813
40,7814
33,7815
2,7816
6,7817
1,7818
25,7819
24,7820
7,7821
35,7822
26,7823
2,7824
28,7825
28,7826
27,7827
44,7828
8,7829
40,7830
7,7831
1,7832
3,7833
48,7834
29,7835
6,7836
26,7837
50,7838
25,7839
37,7840
21,7841
2,7842
3,7843
30,7844
49,7845
5,7846
38,7847
32,7848
9,7849
1,7850
38,7851
41,7852
34,7853
4,7854
25,7855
29,7856
6,7857
43,7858
2,7859
6,7860
38,7861
16,7862
45,7863
3,7864
31,7865
4,7866
19,7867
48,7868
42,7869
2,7870
11,7871
45,7872
5,7873
20,7874
3,7875
43,7876
28,7877
45,7878
6,7879
6,7880
35,7881
19,7882
42,7883
19,7884
13,7885
9,7886
50,7887
17,7888
4,7889
44,7890
3,7891
35,7892
1,7893
19,7894
30,7895
2,7896
30,7897
16,7898
1,7899
14,7900
1,7901
43,7902
10,7903
6,7904
17,7905
3,7906
47,7907
33,7908
3,7909
1,7910
1,7911
2,7912
42,7913
11,7914
43,7915
5,7916
34,7917
13,7918
18,7919
13,7920
47,7921
4,7922
37,7923
8,7924
28,7925
7,7926
7,7927
39,7928
45,7929
5,7930
50,7931
10,7932
26,7933
33,7934
1,7935
2,7936
1,7937
36,7938
33,7939
6,7940
19,7941
5,7942
4,7943
32,7944
29,7945
37,7946
3,7947
45,7948
15,7949
2,7950
50,7951
15,7952
9,7953
26,7954
14,7955
41,7956
35,7957
36,7958
45,7959
1,7960
22,7961
8,7962
7,7963
15,7964
49,7965
19,7966
31,7967
48,7968
42,7969
16,7970
2,7971
21,7972
45,7973
1,7974
17,7975
3,7976
27,7977
3,7978
18,7979
2,7980
10,7981
18,7982
29,7983
26,7984
15,7985
3,7986
45,7987
9,7988
1,7989
21,7990
5,7991
31,7992
32,7993
29,7994
34,7995
30,7996
50,7997
44,7998
17,7999
18,8000
43,8001
3,8002
20,8003
6,8004
22,8005
23,8006
32,8007
24,8008
7,8009
39,8010
46,8011
50,8012
49,8013
2,8014
27,8015
37,8016
9,8017
8,8018
24,8019
1,8020
4,8021
33,8022
17,8023
4,8024
2,8025
37,8026
10,8027
1,8028
6,8029
20,8030
5,8031
20,8032
11,8033
37,8034
35,8035
8,8036
2,8037
4,8038
37,8039
30,8040
15,8041
21,8042
18,8043
25,8044
43,8045
13,8046
15,8047
45,8048
44,8049
32,8050
18,8051
5,8052
15,8053
31,8054
11,8055
5,8056
1,8057
7,8058
6,8059
30,8060
41,8061
3,8062
12,8063
36,8064
9,8065
5,8066
26,8067
5,8068
11,8069
16,8070
46,8071
13,8072
34,8073
16,8074
42,8075
6,8076
29,8077
45,8078
25,8079
2,8080
27,8081
50,8082
22,8083
5,8084
2,8085
8,8086
24,8087
4,8088
37,8089
36,8090
34,8091
30,8092
46,8093
6,8094
27,8095
7,8096
31,8097
9,8098
40,8099
8,8100
31,8101
32,8102
3,8103
22,8104
24,8105
29,8106
43,8107
4,8108
3,8109
21,8110
5,8111
2,8112
33,8113
42,8114
1,8115
13,8116
20,8117
4,8118
49,8119
48,8120
47,8121
30,8122
17,8123
35,8124
10,8125
22,8126
24,8127
27,8128
50,8129
33,8130
1,8131
18,8132
46,8133
10,8134
2,8135
22,8136
30,8137
20,8138
3,8139
19,8140
27,8141
28,8142
1,8143
12,8144
8,8145
8,8146
15,8147
1,8148
26,8149
14,8150
36,8151
33,8152
26,8153
17,8154
10,8155
42,8156
1,8157
6,8158
7,8159
34,8160
4,8161
2,8162
18,8163
44,8164
4,8165
41,8166
48,8167
4,8168
1,8169
21,8170
33,8171
31,8172
32,8173
7,8174
37,8175
31,8176
47,8177
50,8178
5,8179
16,8180
11,8181
8,8182
3,8183
10,8184
20,8185
1,8186
12,8187
25,8188
17,8189
8,8190
11,8191
49,8192
19,8193
39,8194
27,8195
38,8196
27,8197
18,8198
15,8199
9,8200
44,8201
33,8202
44,8203
36,8204
11,8205
19,8206
22,8207
1,8208
16,8209
36,8210
33,8211
6,8212
7,8213
9,8214
41,8215
2,8216
6,8217
39,8218
14,8219
13,8220
1,8221
9,8222
14,8223
21,8224
7,8225
5,8226
26,8227
23,8228
30,8229
25,8230
20,8231
7,8232
9,8233
33,8234
33,8235
28,8236
50,8237
17,8238
45,8239
5,8240
35,8241
4,8242
39,8243
3,8244
1,8245
7,8246
2,8247
43,8248
45,8249
1,8250
21,8251
6,8252
28,8253
24,8254
7,8255
49,8256
10,8257
39,8258
14,8259
6,8260
1,8261
3,8262
45,8263
4,8264
45,8265
23,8266
31,8267
21,8268
22,8269
2,8270
42,8271
2,8272
32,8273
20,8274
25,8275
15,8276
42,8277
22,8278
21,8279
4,8280
12,8281
8,8282
27,8283
1,8284
39,8285
5,8286
8,8287
7,8288
22,8289
15,8290
14,8291
4,8292
43,8293
9,8294
10,8295
22,8296
6,8297
22,8298
39,8299
14,8300
37,8301
2,8302
19,8303
8,8304
25,8305
31,8306
16,8307
1,8308
16,8309
5,8310
8,8311
6,8312
1,8313
48,8314
36,8315
40,8316
22,8317
7,8318
20,8319
2,8320
25,8321
3,8322
43,8323
16,8324
19,8325
8,8326
42,8327
38,8328
38,8329
49,8330
40,8331
12,8332
20,8333
10,8334
48,8335
9,8336
5,8337
37,8338
42,8339
47,8340
6,8341
18,8342
18,8343
34,8344
4,8345
50,8346
43,8347
3,8348
7,8349
4,8350
49,8351
42,8352
9,8353
15,8354
43,8355
7,8356
17,8357
1,8358
26,8359
38,8360
20,8361
8,8362
39,8363
41,8364
8,8365
10,8366
16,8367
28,8368
48,8369
8,8370
30,8371
31,8372
40,8373
8,8374
12,8375
42,8376
21,8377
30,8378
42,8379
23,8380
5,8381
5,8382
13,8383
14,8384
2,8385
40,8386
6,8387
39,8388
3,8389
19,8390
5,8391
19,8392
4,8393
10,8394
13,8395
3,8396
7,8397
20,8398
1,8399
30,8400
43,8401
38,8402
17,8403
11,8404
15,8405
4,8406
9,8407
42,8408
49,8409
1,8410
5,8411
39,8412
40,8413
8,8414
41,8415
2,8416
37,8417
3,8418
25,8419
1,8420
49,8421
4,8422
16,8423
31,8424
26,8425
15,8426
45,8427
19,8428
30,8429
46,8430
47,8431
26,8432
41,8433
18,8434
2,8435
11,8436
43,8437
30,8438
2,8439
2,8440
49,8441
3,8442
33,8443
6,8444
31,8445
1,8446
36,8447
2,8448
41,8449
5,8450
11,8451
1,8452
1,8453
8,8454
21,8455
48,8456
9,8457
6,8458
44,8459
6,8460
28,8461
6,8462
5,8463
1,8464
48,8465
30,8466
2,8467
11,8468
48,8469
50,8470
3,8471
24,8472
49,8473
3,8474
6,8475
19,8476
48,8477
48,8478
46,8479
46,8480
1,8481
4,8482
7,8483
36,8484
16,8485
25,8486
4,8487
5,8488
2,8489
8,8490
31,8491
26,8492
29,8493
42,8494
18,8495
17,8496
12,8497
24,8498
6,8499
7,8500
2,8501
31,8502
3,8503
3,8504
27,8505
20,8506
45,8507
33,8508
8,8509
20,8510
46,8511
2,8512
5,8513
9,8514
13,8515
36,8516
34,8517
11,8518
2,8519
6,8520
45,8521
40,8522
5,8523
28,8524
32,8525
16,8526
6,8527
20,8528
40,8529
5,8530
1,8531
37,8532
4,8533
34,8534
6,8535
47,8536
42,8537
47,8538
7,8539
20,8540
37,8541
33,8542
28,8543
19,8544
19,8545
31,8546
49,8547
2,8548
10,8549
1,8550
37,8551
2,8552
10,8553
37,8554
32,8555
35,8556
1,8557
36,8558
21,8559
8,8560
3,8561
25,8562
25,8563
46,8564
3,8565
20,8566
4,8567
12,8568
13,8569
6,8570
8,8571
28,8572
13,8573
12,8574
45,8575
14,8576
8,8577
5,8578
22,8579
6,8580
43,8581
12,8582
24,8583
2,8584
6,8585
42,8586
4,8587
26,8588
50,8589
24,8590
20,8591
23,8592
46,8593
47,8594
14,8595
37,8596
5,8597
42,8598
30,8599
6,8600
50,8601
25,8602
41,8603
34,8604
7,8605
37,8606
21,8607
3,8608
1,8609
18,8610
4,8611
5,8612
50,8613
22,8614
25,8615
17,8616
4,8617
46,8618
48,8619
42,8620
5,8621
16,8622
21,8623
1,8624
41,8625
9,8626
6,8627
50,8628
35,8629
41,8630
50,8631
5,8632
10,8633
6,8634
18,8635
38,8636
44,8637
21,8638
12,8639
33,8640
20,8641
8,8642
39,8643
36,8644
23,8645
17,8646
44,8647
21,8648
39,8649
1,8650
47,8651
36,8652
41,8653
26,8654
21,8655
39,8656
2,8657
41,8658
5,8659
47,8660
23,8661
6,8662
40,8663
48,8664
30,8665
32,8666
7,8667
23,8668
1,8669
14,8670
3,8671
29,8672
12,8673
8,8674
29,8675
8,8676
40,8677
32,8678
37,8679
23,8680
6,8681
20,8682
7,8683
1,8684
8,8685
15,8686
46,8687
34,8688
38,8689
3,8690
26,8691
17,8692
17,8693
12,8694
34,8695
42,8696
35,8697
5,8698
29,8699
4,8700
34,8701
28,8702
6,8703
20,8704
13,8705
9,8706
8,8707
22,8708
11,8709
41,8710
32,8711
50,8712
1,8713
19,8714
31,8715
1,8716
46,8717
6,8718
28,8719
32,8720
23,8721
33,8722
36,8723
30,8724
7,8725
7,8726
8,8727
6,8728
30,8729
40,8730
36,8731
35,8732
2,8733
4,8734
34,8735
40,8736
42,8737
2,8738
34,8739
32,8740
29,8741
3,8742
11,8743
22,8744
1,8745
30,8746
4,8747
21,8748
28,8749
17,8750
4,8751
22,8752
21,8753
5,8754
13,8755
33,8756
45,8757
39,8758
44,8759
6,8760
49,8761
33,8762
5,8763
1,8764
28,8765
2,8766
49,8767
31,8768
4,8769
16,8770
3,8771
15,8772
17,8773
44,8774
1,8775
4,8776
7,8777
39,8778
19,8779
26,8780
1,8781
39,8782
33,8783
12,8784
32,8785
20,8786
46,8787
6,8788
1,8789
7,8790
20,8791
15,8792
18,8793
23,8794
29,8795
3,8796
40,8797
31,8798
46,8799
29,8800
17,8801
9,8802
3,8803
29,8804
4,8805
43,8806
34,8807
22,8808
21,8809
13,8810
2,8811
45,8812
18,8813
47,8814
26,8815
2,8816
42,8817
8,8818
50,8819
43,8820
4,8821
19,8822
27,8823
29,8824
36,8825
5,8826
20,8827
8,8828
20,8829
6,8830
46,8831
13,8832
7,8833
23,8834
37,8835
3,8836
1,8837
37,8838
3,8839
20,8840
2,8841
9,8842
10,8843
23,8844
4,8845
17,8846
37,8847
8,8848
38,8849
50,8850
22,8851
19,8852
3,8853
5,8854
15,8855
29,8856
47,8857
15,8858
48,8859
7,8860
32,8861
18,8862
4,8863
17,8864
6,8865
2,8866
34,8867
45,8868
4,8869
45,8870
1,8871
32,8872
47,8873
6,8874
20,8875
12,8876
17,8877
4,8878
43,8879
32,8880
9,8881
33,8882
43,8883
44,8884
5,8885
39,8886
11,8887
19,8888
17,8889
31,8890
6,8891
23,8892
12,8893
5,8894
9,8895
18,8896
2,8897
49,8898
7,8899
28,8900
3,8901
8,8902
32,8903
27,8904
7,8905
3,8906
10,8907
6,8908
17,8909
41,8910
1,8911
16,8912
5,8913
9,8914
49,8915
30,8916
48,8917
21,8918
5,8919
38,8920
3,8921
18,8922
4,8923
27,8924
40,8925
34,8926
22,8927
31,8928
19,8929
13,8930
6,8931
47,8932
13,8933
11,8934
2,8935
8,8936
11,8937
3,8938
29,8939
50,8940
40,8941
13,8942
8,8943
1,8944
1,8945
25,8946
14,8947
8,8948
5,8949
2,8950
6,8951
6,8952
19,8953
7,8954
30,8955
46,8956
3,8957
16,8958
24,8959
8,8960
50,8961
34,8962
32,8963
42,8964
9,8965
39,8966
4,8967
39,8968
16,8969
27,8970
41,8971
27,8972
27,8973
5,8974
16,8975
6,8976
40,8977
6,8978
30,8979
24,8980
7,8981
23,8982
20,8983
31,8984
17,8985
5,8986
32,8987
5,8988
49,8989
8,8990
7,8991
32,8992
34,8993
10,8994
12,8995
32,8996
22,8997
44,8998
23,8999
2,9000
7,9001
23,9002
43,9003
30,9004
11,9005
12,9006
6,9007
1,9008
38,9009
6,9010
31,9011
37,9012
26,9013
14,9014
24,9015
17,9016
15,9017
2,9018
41,9019
6,9020
22,9021
12,9022
18,9023
28,9024
35,9025
26,9026
23,9027
32,9028
33,9029
13,9030
1,9031
37,9032
3,9033
8,9034
19,9035
42,9036
7,9037
32,9038
2,9039
34,9040
9,9041
32,9042
18,9043
25,9044
36,9045
32,9046
8,9047
22,9048
13,9049
24,9050
5,9051
5,9052
44,9053
41,9054
41,9055
4,9056
11,9057
27,9058
4,9059
20,9060
1,9061
1,9062
17,9063
2,9064
16,9065
10,9066
6,9067
6,9068
34,9069
1,9070
19,9071
3,9072
43,9073
4,9074
3,9075
5,9076
46,9077
5,9078
4,9079
16,9080
15,9081
11,9082
12,9083
26,9084
7,9085
17,9086
15,9087
27,9088
6,9089
12,9090
23,9091
27,9092
42,9093
41,9094
8,9095
33,9096
28,9097
46,9098
1,9099
50,9100
17,9101
36,9102
2,9103
47,9104
30,9105
5,9106
16,9107
23,9108
23,9109
16,9110
40,9111
17,9112
12,9113
3,9114
41,9115
37,9116
49,9117
45,9118
6,9119
29,9120
16,9121
43,9122
13,9123
4,9124
23,9125
9,9126
7,9127
1,9128
1,9129
6,9130
7,9131
10,9132
34,9133
1,9134
18,9135
23,9136
4,9137
35,9138
21,9139
42,9140
5,9141
14,9142
2,9143
18,9144
36,9145
13,9146
1,9147
42,9148
8,9149
4,9150
12,9151
27,9152
42,9153
22,9154
6,9155
22,9156
32,9157
33,9158
44,9159
3,9160
24,9161
50,9162
43,9163
46,9164
19,9165
50,9166
18,9167
5,9168
15,9169
6,9170
28,9171
14,9172
17,9173
4,9174
16,9175
38,9176
48,9177
21,9178
19,9179
47,9180
32,9181
41,9182
50,9183
30,9184
5,9185
34,9186
3,9187
27,9188
50,9189
44,9190
5,9191
18,9192
2,9193
2,9194
44,9195
6,9196
35,9197
29,9198
5,9199
44,9200
19,9201
15,9202
39,9203
27,9204
6,9205
6,9206
1,9207
7,9208
3,9209
1,9210
9,9211
22,9212
34,9213
3,9214
47,9215
5,9216
39,9217
23,9218
4,9219
28,9220
8,9221
2,9222
27,9223
38,9224
2,9225
10,9226
19,9227
15,9228
43,9229
25,9230
44,9231
36,9232
6,9233
32,9234
39,9235
10,9236
28,9237
7,9238
2,9239
44,9240
5,9241
4,9242
8,9243
10,9244
3,9245
18,9246
40,9247
1,9248
14,9249
6,9250
43,9251
15,9252
7,9253
10,9254
19,9255
2,9256
4,9257
45,9258
34,9259
5,9260
40,9261
41,9262
35,9263
17,9264
12,9265
9,9266
10,9267
31,9268
30,9269
8,9270
6,9271
4,9272
25,9273
5,9274
1,9275
10,9276
26,9277
4,9278
12,9279
7,9280
5,9281
31,9282
31,9283
26,9284
41,9285
5,9286
14,9287
34,9288
2,9289
37,9290
42,9291
6,9292
22,9293
38,9294
37,9295
1,9296
16,9297
2,9298
26,9299
3,9300
45,9301
5,9302
44,9303
7,9304
22,9305
12,9306
46,9307
23,9308
24,9309
24,9310
41,9311
46,9312
14,9313
46,9314
36,9315
8,9316
9,9317
50,9318
47,9319
35,9320
3,9321
33,9322
18,9323
4,9324
26,9325
1,9326
28,9327
29,9328
7,9329
37,9330
1,9331
10,9332
2,9333
20,9334
6,9335
25,9336
24,9337
3,9338
36,9339
6,9340
13,9341
24,9342
1,9343
12,9344
8,9345
5,9346
8,9347
2,9348
2,9349
2,9350
32,9351
49,9352
22,9353
36,9354
19,9355
6,9356
41,9357
7,9358
26,9359
31,9360
3,9361
23,9362
20,9363
37,9364
7,9365
44,9366
4,9367
33,9368
8,9369
39,9370
18,9371
8,9372
12,9373
13,9374
18,9375
32,9376
35,9377
4,9378
1,9379
5,9380
3,9381
6,9382
7,9383
1,9384
4,9385
29,9386
2,9387
6,9388
19,9389
46,9390
7,9391
8,9392
36,9393
38,9394
20,9395
26,9396
8,9397
12,9398
39,9399
50,9400
31,9401
5,9402
16,9403
20,9404
29,9405
21,9406
11,9407
5,9408
18,9409
10,9410
1,9411
30,9412
6,9413
45,9414
30,9415
2,9416
29,9417
49,9418
1,9419
36,9420
16,9421
5,9422
16,9423
2,9424
17,9425
21,9426
33,9427
6,9428
8,9429
36,9430
41,9431
15,9432
19,9433
3,9434
35,9435
34,9436
6,9437
11,9438
17,9439
22,9440
42,9441
26,9442
40,9443
1,9444
29,9445
14,9446
12,9447
3,9448
6,9449
4,9450
24,9451
45,9452
27,9453
34,9454
50,9455
2,9456
16,9457
17,9458
2,9459
28,9460
12,9461
3,9462
26,9463
12,9464
4,9465
43,9466
39,9467
34,9468
43,9469
41,9470
21,9471
1,9472
20,9473
22,9474
7,9475
23,9476
5,9477
20,9478
9,9479
13,9480
13,9481
2,9482
30,9483
9,9484
5,9485
13,9486
5,9487
4,9488
36,9489
39,9490
1,9491
36,9492
40,9493
6,9494
20,9495
5,9496
26,9497
27,9498
6,9499
11,9500
10,9501
42,9502
11,9503
2,9504
33,9505
14,9506
13,9507
21,9508
1,9509
3,9510
49,9511
2,9512
7,9513
16,9514
7,9515
42,9516
27,9517
33,9518
22,9519
5,9520
15,9521
3,9522
31,9523
29,9524
34,9525
44,9526
2,9527
47,9528
1,9529
4,9530
41,9531
6,9532
38,9533
9,9534
37,9535
41,9536
16,9537
13,9538
5,9539
26,9540
39,9541
44,9542
3,9543
17,9544
15,9545
4,9546
47,9547
20,9548
46,9549
6,9550
4,9551
18,9552
8,9553
4,9554
32,9555
29,9556
49,9557
39,9558
37,9559
10,9560
3,9561
38,9562
42,9563
42,9564
8,9565
33,9566
26,9567
36,9568
11,9569
46,9570
39,9571
18,9572
6,9573
42,9574
14,9575
32,9576
50,9577
24,9578
2,9579
11,9580
5,9581
5,9582
3,9583
25,9584
7,9585
4,9586
38,9587
6,9588
44,9589
1,9590
46,9591
5,9592
49,9593
42,9594
15,9595
35,9596
16,9597
4,9598
7,9599
4,9600
30,9601
27,9602
6,9603
44,9604
9,9605
9,9606
7,9607
19,9608
40,9609
46,9610
46,9611
12,9612
3,9613
2,9614
47,9615
3,9616
34,9617
8,9618
50,9619
33,9620
4,9621
29,9622
36,9623
45,9624
9,9625
21,9626
1,9627
13,9628
5,9629
24,9630
1,9631
45,9632
45,9633
23,9634
15,9635
22,9636
49,9637
2,9638
39,9639
8,9640
30,9641
6,9642
39,9643
2,9644
3,9645
50,9646
25,9647
25,9648
1,9649
5,9650
39,9651
47,9652
31,9653
27,9654
24,9655
6,9656
21,9657
2,9658
42,9659
7,9660
31,9661
41,9662
49,9663
7,9664
5,9665
39,9666
44,9667
45,9668
17,9669
30,9670
43,9671
8,9672
12,9673
1,9674
22,9675
20,9676
20,9677
16,9678
2,9679
28,9680
1,9681
47,9682
43,9683
4,9684
6,9685
5,9686
40,9687
46,9688
24,9689
10,9690
6,9691
44,9692
44,9693
38,9694
42,9695
22,9696
22,9697
7,9698
39,9699
5,9700
11,9701
46,9702
1,9703
7,9704
11,9705
49,9706
9,9707
4,9708
1,9709
3,9710
2,9711
30,9712
11,9713
16,9714
34,9715
10,9716
5,9717
22,9718
27,9719
13,9720
8,9721
33,9722
22,9723
24,9724
8,9725
10,9726
8,9727
21,9728
50,9729
10,9730
20,9731
25,9732
34,9733
7,9734
23,9735
22,9736
24,9737
15,9738
2,9739
23,9740
32,9741
8,9742
9,9743
31,9744
31,9745
35,9746
3,9747
10,9748
3,9749
31,9750
5,9751
1,9752
7,9753
4,9754
25,9755
13,9756
46,9757
8,9758
6,9759
24,9760
7,9761
18,9762
10,9763
39,9764
46,9765
50,9766
30,9767
22,9768
2,9769
47,9770
41,9771
47,9772
9,9773
3,9774
16,9775
35,9776
22,9777
25,9778
8,9779
9,9780
27,9781
2,9782
44,9783
20,9784
39,9785
1,9786
49,9787
50,9788
4,9789
8,9790
5,9791
5,9792
15,9793
44,9794
21,9795
24,9796
37,9797
6,9798
34,9799
45,9800
22,9801
12,9802
35,9803
21,9804
33,9805
1,9806
38,9807
4,9808
5,9809
43,9810
5,9811
43,9812
5,9813
6,9814
50,9815
7,9816
9,9817
23,9818
18,9819
38,9820
21,9821
28,9822
27,9823
16,9824
49,9825
2,9826
3,9827
21,9828
2,9829
10,9830
48,9831
42,9832
3,9833
5,9834
5,9835
37,9836
37,9837
9,9838
4,9839
8,9840
11,9841
1,9842
12,9843
47,9844
19,9845
6,9846
41,9847
38,9848
8,9849
17,9850
1,9851
14,9852
24,9853
36,9854
17,9855
7,9856
10,9857
16,9858
25,9859
16,9860
5,9861
1,9862
33,9863
45,9864
6,9865
9,9866
5,9867
34,9868
2,9869
19,9870
6,9871
26,9872
7,9873
17,9874
38,9875
42,9876
11,9877
15,9878
14,9879
33,9880
3,9881
18,9882
1,9883
41,9884
2,9885
16,9886
5,9887
23,9888
12,9889
8,9890
6,9891
32,9892
8,9893
6,9894
3,9895
5,9896
4,9897
11,9898
4,9899
38,9900
27,9901
21,9902
4,9903
20,9904
36,9905
1,9906
21,9907
29,9908
39,9909
19,9910
18,9911
7,9912
12,9913
26,9914
34,9915
28,9916
41,9917
46,9918
42,9919
2,9920
20,9921
7,9922
40,9923
37,9924
13,9925
40,9926
5,9927
25,9928
41,9929
9,9930
3,9931
20,9932
44,9933
20,9934
1,9935
3,9936
8,9937
43,9938
48,9939
21,9940
3,9941
16,9942
15,9943
42,9944
24,9945
17,9946
6,9947
34,9948
4,9949
34,9950
26,9951
40,9952
29,9953
29,9954
8,9955
1,9956
5,9957
6,9958
49,9959
4,9960
50,9961
20,9962
44,9963
26,9964
16,9965
23,9966
8,9967
23,9968
48,9969
7,9970
14,9971
31,9972
5,9973
40,9974
6,9975
33,9976
6,9977
17,9978
8,9979
20,9980
24,9981
2,9982
16,9983
18,9984
5,9985
32,9986
6,9987
17,9988
25,9989
11,9990
1,9991
46,9992
17,9993
19,9994
10,9995
7,9996
30,9997
7,9998
5,9999
35,10000
