19,1
3,2
6,3
15,4
2,5
27,6
11,7
22,8
43,9
30,10
28,11
25,12
45,13
12,14
34,15
43,16
37,17
27,18
6,19
50,20
1,21
9,22
1,23
6,24
22,25
17,26
7,27
18,28
35,29
7,30
26,31
12,32
29,33
41,34
20,35
27,36
17,37
45,38
39,39
3,40
4,41
23,42
24,43
22,44
18,45
23,46
48,47
7,48
10,49
4,50
33,51
34,52
24,53
20,54
13,55
23,56
10,57
11,58
39,59
44,60
27,61
46,62
41,63
43,64
18,65
4,66
33,67
36,68
47,69
7,70
34,71
5,72
34,73
46,74
31,75
50,76
31,77
47,78
7,79
47,80
41,81
45,82
38,83
35,84
25,85
5,86
10,87
43,88
46,89
28,90
11,91
5,92
4,93
6,94
50,95
35,96
28,97
50,98
24,99
18,100
19,101
49,102
8,103
32,104
27,105
41,106
36,107
10,108
17,109
34,110
33,111
42,112
23,113
20,114
18,115
13,116
48,117
20,118
32,119
32,120
21,121
14,122
2,123
48,124
13,125
22,126
35,127
23,128
10,129
24,130
50,131
46,132
47,133
37,134
37,135
12,136
32,137
35,138
33,139
32,140
7,141
25,142
38,143
1,144
15,145
49,146
27,147
30,148
11,149
42,150
26,151
8,152
20,153
42,154
6,155
35,156
19,157
11,158
25,159
23,160
37,161
11,162
4,163
36,164
31,165
5,166
45,167
33,168
28,169
15,170
14,171
36,172
5,173
17,174
24,175
45,176
33,177
41,178
26,179
7,180
27,181
3,182
25,183
31,184
17,185
42,186
12,187
13,188
21,189
17,190
1,191
2,192
1,193
25,194
46,195
17,196
49,197
27,198
8,199
17,200
33,201
25,202
18,203
34,204
9,205
20,206
34,207
48,208
16,209
40,210
29,211
41,212
47,213
19,214
1,215
47,216
45,217
37,218
23,219
21,220
7,221
13,222
26,223
31,224
15,225
9,226
2,227
38,228
18,229
41,230
9,231
44,232
21,233
25,234
8,235
18,236
8,237
46,238
9,239
48,240
23,241
11,242
23,243
34,244
49,245
39,246
38,247
29,248
45,249
30,250
12,251
26,252
18,253
3,254
9,255
17,256
4,257
23,258
35,259
29,260
48,261
12,262
10,263
44,264
16,265
46,266
4,267
50,268
16,269
16,270
20,271
6,272
50,273
11,274
32,275
4,276
12,277
36,278
8,279
18,280
33,281
17,282
36,283
19,284
43,285
25,286
44,287
49,288
29,289
6,290
27,291
12,292
14,293
4,294
48,295
42,296
39,297
32,298
3,299
13,300
16,301
34,302
46,303
27,304
7,305
35,306
30,307
32,308
3,309
47,310
36,311
50,312
43,313
4,314
11,315
5,316
4,317
21,318
11,319
33,320
47,321
38,322
18,323
1,324
32,325
45,326
37,327
17,328
13,329
20,330
35,331
10,332
37,333
24,334
8,335
40,336
3,337
1,338
27,339
50,340
29,341
4,342
7,343
27,344
28,345
49,346
7,347
3,348
11,349
3,350
2,351
44,352
6,353
45,354
34,355
46,356
25,357
32,358
26,359
29,360
39,361
5,362
18,363
34,364
42,365
21,366
9,367
33,368
47,369
30,370
47,371
9,372
46,373
22,374
16,375
46,376
48,377
29,378
17,379
40,380
37,381
18,382
37,383
47,384
32,385
42,386
29,387
15,388
16,389
6,390
23,391
28,392
33,393
17,394
3,395
50,396
40,397
35,398
2,399
38,400
32,401
12,402
3,403
12,404
5,405
22,406
25,407
6,408
37,409
45,410
27,411
21,412
18,413
14,414
8,415
39,416
37,417
34,418
1,419
5,420
20,421
3,422
32,423
9,424
9,425
11,426
29,427
27,428
35,429
4,430
20,431
16,432
3,433
19,434
8,435
11,436
24,437
26,438
16,439
44,440
5,441
25,442
40,443
9,444
22,445
40,446
21,447
42,448
13,449
12,450
43,451
43,452
40,453
23,454
38,455
10,456
11,457
12,458
2,459
9,460
50,461
1,462
21,463
2,464
15,465
14,466
6,467
50,468
7,469
1,470
31,471
4,472
28,473
41,474
32,475
35,476
23,477
33,478
22,479
6,480
47,481
3,482
25,483
39,484
49,485
8,486
47,487
32,488
47,489
14,490
22,491
17,492
36,493
5,494
33,495
11,496
35,497
9,498
50,499
15,500
35,501
2,502
15,503
34,504
19,505
34,506
44,507
13,508
14,509
35,510
15,511
23,512
40,513
15,514
33,515
44,516
28,517
30,518
26,519
36,520
15,521
7,522
21,523
35,524
40,525
14,526
4,527
12,528
5,529
35,530
34,531
11,532
36,533
14,534
14,535
19,536
27,537
10,538
11,539
26,540
15,541
21,542
26,543
27,544
27,545
1,546
44,547
3,548
47,549
16,550
9,551
12,552
15,553
31,554
21,555
6,556
24,557
8,558
17,559
42,560
17,561
26,562
13,563
37,564
11,565
2,566
46,567
27,568
50,569
47,570
44,571
40,572
29,573
48,574
29,575
26,576
13,577
44,578
44,579
24,580
44,581
10,582
49,583
37,584
35,585
19,586
22,587
4,588
33,589
5,590
2,591
30,592
39,593
5,594
10,595
13,596
7,597
3,598
39,599
20,600
35,601
19,602
8,603
42,604
44,605
27,606
18,607
17,608
29,609
24,610
22,611
21,612
35,613
7,614
24,615
8,616
31,617
26,618
4,619
36,620
49,621
20,622
41,623
46,624
1,625
29,626
10,627
35,628
24,629
16,630
50,631
4,632
48,633
26,634
44,635
31,636
10,637
22,638
37,639
27,640
44,641
15,642
17,643
19,644
50,645
45,646
9,647
3,648
29,649
5,650
44,651
9,652
19,653
25,654
23,655
26,656
44,657
50,658
23,659
3,660
28,661
39,662
42,663
12,664
5,665
6,666
37,667
15,668
2,669
46,670
50,671
29,672
1,673
9,674
26,675
38,676
29,677
27,678
25,679
28,680
39,681
11,682
34,683
46,684
48,685
48,686
23,687
38,688
10,689
40,690
27,691
35,692
8,693
27,694
9,695
19,696
5,697
28,698
43,699
46,700
32,701
9,702
38,703
10,704
22,705
42,706
5,707
17,708
3,709
21,710
14,711
50,712
1,713
1,714
34,715
12,716
5,717
25,718
48,719
38,720
18,721
50,722
40,723
5,724
1,725
20,726
33,727
22,728
44,729
12,730
1,731
5,732
46,733
7,734
29,735
40,736
10,737
29,738
42,739
47,740
47,741
41,742
21,743
37,744
15,745
35,746
46,747
50,748
41,749
37,750
50,751
36,752
26,753
15,754
47,755
30,756
21,757
38,758
12,759
10,760
43,761
25,762
32,763
8,764
26,765
38,766
10,767
45,768
32,769
32,770
12,771
48,772
23,773
33,774
28,775
26,776
9,777
11,778
4,779
17,780
26,781
9,782
24,783
2,784
11,785
5,786
24,787
30,788
49,789
21,790
21,791
33,792
11,793
43,794
41,795
41,796
42,797
18,798
23,799
38,800
12,801
49,802
7,803
13,804
8,805
34,806
40,807
44,808
18,809
4,810
40,811
8,812
10,813
11,814
24,815
23,816
22,817
33,818
23,819
47,820
14,821
47,822
35,823
50,824
32,825
34,826
44,827
27,828
14,829
46,830
8,831
14,832
34,833
40,834
39,835
41,836
3,837
25,838
5,839
46,840
16,841
36,842
28,843
13,844
32,845
11,846
4,847
20,848
41,849
25,850
6,851
7,852
1,853
12,854
49,855
10,856
47,857
8,858
21,859
9,860
32,861
39,862
43,863
29,864
29,865
10,866
40,867
20,868
36,869
48,870
38,871
12,872
19,873
49,874
43,875
1,876
35,877
19,878
17,879
40,880
30,881
21,882
28,883
32,884
49,885
28,886
17,887
26,888
34,889
29,890
48,891
12,892
34,893
37,894
2,895
1,896
39,897
30,898
40,899
43,900
49,901
21,902
38,903
26,904
5,905
46,906
28,907
34,908
41,909
19,910
26,911
24,912
29,913
1,914
21,915
14,916
25,917
17,918
6,919
24,920
19,921
21,922
46,923
21,924
25,925
1,926
37,927
5,928
35,929
38,930
16,931
21,932
43,933
43,934
9,935
16,936
2,937
4,938
37,939
42,940
48,941
46,942
24,943
28,944
45,945
29,946
34,947
46,948
35,949
21,950
31,951
4,952
40,953
49,954
20,955
26,956
20,957
49,958
17,959
15,960
40,961
37,962
32,963
10,964
37,965
24,966
35,967
33,968
27,969
25,970
40,971
46,972
50,973
17,974
48,975
48,976
9,977
26,978
34,979
47,980
43,981
44,982
30,983
35,984
12,985
25,986
30,987
33,988
40,989
6,990
34,991
32,992
40,993
1,994
26,995
11,996
46,997
30,998
19,999
14,1000
12,1001
14,1002
13,1003
47,1004
7,1005
47,1006
48,1007
13,1008
32,1009
6,1010
8,1011
30,1012
16,1013
23,1014
49,1015
47,1016
30,1017
20,1018
12,1019
19,1020
33,1021
24,1022
27,1023
1,1024
44,1025
20,1026
13,1027
38,1028
8,1029
22,1030
37,1031
7,1032
31,1033
47,1034
42,1035
7,1036
32,1037
34,1038
37,1039
25,1040
32,1041
2,1042
2,1043
31,1044
49,1045
44,1046
50,1047
26,1048
25,1049
5,1050
7,1051
46,1052
27,1053
38,1054
15,1055
17,1056
50,1057
36,1058
35,1059
15,1060
35,1061
9,1062
25,1063
46,1064
8,1065
36,1066
28,1067
33,1068
10,1069
36,1070
41,1071
20,1072
49,1073
15,1074
12,1075
36,1076
46,1077
3,1078
9,1079
23,1080
6,1081
28,1082
17,1083
31,1084
39,1085
44,1086
3,1087
9,1088
47,1089
29,1090
16,1091
22,1092
33,1093
27,1094
3,1095
38,1096
32,1097
14,1098
36,1099
48,1100
22,1101
23,1102
20,1103
9,1104
22,1105
17,1106
14,1107
44,1108
26,1109
23,1110
14,1111
15,1112
17,1113
45,1114
33,1115
24,1116
8,1117
25,1118
29,1119
6,1120
25,1121
28,1122
31,1123
48,1124
44,1125
46,1126
9,1127
42,1128
26,1129
5,1130
45,1131
43,1132
31,1133
43,1134
24,1135
16,1136
4,1137
45,1138
38,1139
22,1140
20,1141
46,1142
39,1143
27,1144
31,1145
7,1146
23,1147
23,1148
33,1149
19,1150
27,1151
23,1152
23,1153
20,1154
3,1155
21,1156
9,1157
17,1158
1,1159
11,1160
14,1161
1,1162
25,1163
13,1164
25,1165
8,1166
44,1167
19,1168
47,1169
1,1170
6,1171
33,1172
36,1173
50,1174
3,1175
3,1176
4,1177
21,1178
5,1179
25,1180
47,1181
6,1182
24,1183
11,1184
2,1185
34,1186
47,1187
30,1188
27,1189
3,1190
12,1191
27,1192
19,1193
34,1194
19,1195
50,1196
29,1197
35,1198
5,1199
37,1200
10,1201
48,1202
15,1203
4,1204
5,1205
31,1206
37,1207
14,1208
12,1209
40,1210
32,1211
19,1212
13,1213
28,1214
26,1215
23,1216
50,1217
5,1218
42,1219
39,1220
4,1221
18,1222
33,1223
5,1224
10,1225
29,1226
16,1227
18,1228
45,1229
46,1230
18,1231
42,1232
37,1233
35,1234
33,1235
10,1236
28,1237
21,1238
13,1239
12,1240
3,1241
23,1242
23,1243
29,1244
46,1245
11,1246
41,1247
10,1248
33,1249
5,1250
20,1251
20,1252
25,1253
46,1254
41,1255
11,1256
46,1257
12,1258
24,1259
32,1260
10,1261
17,1262
28,1263
31,1264
22,1265
36,1266
27,1267
3,1268
20,1269
31,1270
1,1271
24,1272
10,1273
2,1274
24,1275
23,1276
47,1277
4,1278
31,1279
6,1280
18,1281
11,1282
20,1283
46,1284
38,1285
39,1286
12,1287
32,1288
44,1289
46,1290
42,1291
15,1292
16,1293
43,1294
38,1295
17,1296
14,1297
29,1298
27,1299
34,1300
6,1301
27,1302
27,1303
4,1304
4,1305
19,1306
37,1307
15,1308
46,1309
50,1310
12,1311
19,1312
18,1313
6,1314
27,1315
26,1316
9,1317
46,1318
41,1319
43,1320
49,1321
47,1322
26,1323
10,1324
35,1325
22,1326
9,1327
20,1328
20,1329
22,1330
1,1331
21,1332
11,1333
21,1334
8,1335
11,1336
26,1337
27,1338
30,1339
20,1340
18,1341
20,1342
49,1343
17,1344
17,1345
50,1346
47,1347
13,1348
12,1349
10,1350
39,1351
49,1352
19,1353
15,1354
14,1355
25,1356
10,1357
41,1358
11,1359
50,1360
48,1361
5,1362
14,1363
12,1364
39,1365
11,1366
18,1367
48,1368
2,1369
1,1370
37,1371
18,1372
5,1373
24,1374
22,1375
10,1376
35,1377
38,1378
47,1379
11,1380
5,1381
50,1382
17,1383
6,1384
42,1385
33,1386
34,1387
13,1388
38,1389
8,1390
35,1391
44,1392
38,1393
50,1394
31,1395
38,1396
10,1397
20,1398
6,1399
6,1400
32,1401
46,1402
42,1403
10,1404
25,1405
10,1406
13,1407
45,1408
40,1409
3,1410
28,1411
41,1412
23,1413
49,1414
35,1415
40,1416
50,1417
12,1418
48,1419
21,1420
15,1421
24,1422
2,1423
12,1424
5,1425
16,1426
19,1427
36,1428
14,1429
32,1430
37,1431
44,1432
46,1433
42,1434
32,1435
32,1436
43,1437
27,1438
31,1439
25,1440
20,1441
15,1442
44,1443
22,1444
18,1445
47,1446
2,1447
24,1448
23,1449
12,1450
37,1451
50,1452
11,1453
32,1454
8,1455
13,1456
23,1457
9,1458
18,1459
22,1460
20,1461
15,1462
19,1463
7,1464
9,1465
6,1466
35,1467
31,1468
9,1469
45,1470
26,1471
21,1472
38,1473
28,1474
37,1475
26,1476
47,1477
48,1478
9,1479
39,1480
19,1481
39,1482
26,1483
39,1484
47,1485
18,1486
30,1487
49,1488
6,1489
23,1490
17,1491
43,1492
41,1493
20,1494
44,1495
47,1496
37,1497
34,1498
14,1499
27,1500
31,1501
2,1502
41,1503
18,1504
16,1505
44,1506
4,1507
3,1508
27,1509
15,1510
34,1511
28,1512
18,1513
36,1514
28,1515
41,1516
31,1517
12,1518
3,1519
32,1520
28,1521
28,1522
38,1523
1,1524
43,1525
18,1526
8,1527
5,1528
31,1529
10,1530
46,1531
36,1532
29,1533
28,1534
6,1535
21,1536
47,1537
2,1538
19,1539
7,1540
13,1541
43,1542
12,1543
30,1544
41,1545
43,1546
32,1547
14,1548
14,1549
27,1550
10,1551
11,1552
47,1553
2,1554
17,1555
37,1556
9,1557
16,1558
41,1559
15,1560
46,1561
2,1562
1,1563
12,1564
27,1565
23,1566
5,1567
10,1568
10,1569
37,1570
2,1571
45,1572
50,1573
16,1574
3,1575
24,1576
29,1577
36,1578
39,1579
24,1580
18,1581
8,1582
13,1583
43,1584
13,1585
12,1586
24,1587
32,1588
24,1589
7,1590
14,1591
9,1592
41,1593
28,1594
30,1595
42,1596
4,1597
6,1598
34,1599
34,1600
2,1601
2,1602
48,1603
5,1604
40,1605
21,1606
35,1607
15,1608
5,1609
37,1610
1,1611
46,1612
37,1613
46,1614
13,1615
12,1616
22,1617
5,1618
47,1619
8,1620
40,1621
8,1622
18,1623
44,1624
42,1625
22,1626
19,1627
23,1628
50,1629
20,1630
27,1631
24,1632
42,1633
17,1634
14,1635
36,1636
25,1637
48,1638
31,1639
32,1640
35,1641
38,1642
48,1643
47,1644
40,1645
49,1646
12,1647
8,1648
11,1649
37,1650
11,1651
32,1652
6,1653
24,1654
19,1655
26,1656
28,1657
50,1658
39,1659
30,1660
39,1661
38,1662
32,1663
24,1664
41,1665
37,1666
3,1667
36,1668
10,1669
8,1670
9,1671
15,1672
22,1673
8,1674
9,1675
17,1676
47,1677
4,1678
24,1679
26,1680
6,1681
12,1682
6,1683
28,1684
26,1685
17,1686
26,1687
21,1688
49,1689
14,1690
24,1691
15,1692
19,1693
27,1694
40,1695
3,1696
11,1697
50,1698
24,1699
10,1700
32,1701
18,1702
43,1703
17,1704
1,1705
34,1706
30,1707
3,1708
4,1709
49,1710
5,1711
40,1712
41,1713
21,1714
15,1715
6,1716
7,1717
50,1718
45,1719
37,1720
2,1721
1,1722
10,1723
6,1724
22,1725
29,1726
50,1727
14,1728
2,1729
31,1730
45,1731
9,1732
3,1733
49,1734
25,1735
22,1736
24,1737
44,1738
1,1739
32,1740
36,1741
33,1742
1,1743
19,1744
38,1745
26,1746
7,1747
45,1748
1,1749
44,1750
30,1751
2,1752
24,1753
5,1754
33,1755
35,1756
11,1757
12,1758
28,1759
38,1760
34,1761
9,1762
6,1763
20,1764
24,1765
46,1766
41,1767
50,1768
4,1769
5,1770
36,1771
20,1772
6,1773
16,1774
38,1775
10,1776
27,1777
46,1778
16,1779
20,1780
47,1781
42,1782
16,1783
1,1784
24,1785
3,1786
36,1787
2,1788
18,1789
18,1790
9,1791
19,1792
22,1793
6,1794
24,1795
11,1796
46,1797
12,1798
18,1799
32,1800
27,1801
2,1802
25,1803
13,1804
49,1805
49,1806
17,1807
14,1808
15,1809
8,1810
49,1811
25,1812
12,1813
8,1814
49,1815
30,1816
27,1817
20,1818
45,1819
32,1820
43,1821
2,1822
42,1823
43,1824
46,1825
47,1826
21,1827
38,1828
17,1829
14,1830
10,1831
2,1832
5,1833
28,1834
32,1835
46,1836
47,1837
49,1838
40,1839
21,1840
41,1841
20,1842
17,1843
21,1844
2,1845
4,1846
44,1847
16,1848
33,1849
3,1850
1,1851
28,1852
22,1853
21,1854
19,1855
25,1856
24,1857
19,1858
49,1859
42,1860
21,1861
30,1862
38,1863
38,1864
23,1865
24,1866
18,1867
3,1868
29,1869
46,1870
33,1871
7,1872
15,1873
38,1874
8,1875
43,1876
11,1877
39,1878
41,1879
25,1880
24,1881
44,1882
30,1883
46,1884
7,1885
31,1886
5,1887
3,1888
42,1889
2,1890
49,1891
4,1892
39,1893
46,1894
28,1895
25,1896
21,1897
18,1898
21,1899
44,1900
2,1901
45,1902
22,1903
27,1904
50,1905
23,1906
37,1907
21,1908
42,1909
13,1910
18,1911
12,1912
25,1913
36,1914
33,1915
35,1916
19,1917
14,1918
7,1919
18,1920
27,1921
7,1922
42,1923
27,1924
3,1925
39,1926
4,1927
41,1928
28,1929
28,1930
44,1931
8,1932
28,1933
13,1934
17,1935
4,1936
21,1937
44,1938
12,1939
45,1940
15,1941
20,1942
46,1943
1,1944
10,1945
19,1946
12,1947
35,1948
39,1949
10,1950
32,1951
2,1952
16,1953
37,1954
41,1955
5,1956
18,1957
40,1958
24,1959
22,1960
28,1961
18,1962
2,1963
31,1964
26,1965
11,1966
24,1967
28,1968
37,1969
9,1970
34,1971
35,1972
1,1973
26,1974
2,1975
33,1976
36,1977
14,1978
15,1979
17,1980
8,1981
1,1982
44,1983
27,1984
10,1985
50,1986
39,1987
50,1988
22,1989
7,1990
44,1991
14,1992
19,1993
13,1994
33,1995
29,1996
13,1997
32,1998
8,1999
39,2000
27,2001
20,2002
3,2003
9,2004
5,2005
30,2006
21,2007
25,2008
36,2009
12,2010
28,2011
22,2012
31,2013
12,2014
10,2015
12,2016
3,2017
30,2018
46,2019
21,2020
9,2021
2,2022
29,2023
6,2024
39,2025
21,2026
30,2027
14,2028
40,2029
45,2030
29,2031
23,2032
37,2033
16,2034
44,2035
20,2036
13,2037
33,2038
27,2039
13,2040
17,2041
20,2042
1,2043
23,2044
46,2045
26,2046
47,2047
43,2048
36,2049
16,2050
30,2051
49,2052
6,2053
8,2054
18,2055
12,2056
31,2057
45,2058
38,2059
11,2060
43,2061
41,2062
38,2063
50,2064
40,2065
45,2066
30,2067
29,2068
24,2069
41,2070
30,2071
6,2072
46,2073
4,2074
10,2075
35,2076
40,2077
3,2078
15,2079
26,2080
20,2081
43,2082
45,2083
3,2084
47,2085
7,2086
30,2087
32,2088
22,2089
41,2090
29,2091
18,2092
34,2093
32,2094
35,2095
8,2096
37,2097
6,2098
27,2099
9,2100
6,2101
18,2102
2,2103
33,2104
20,2105
27,2106
4,2107
20,2108
41,2109
22,2110
1,2111
14,2112
15,2113
24,2114
50,2115
24,2116
21,2117
10,2118
49,2119
50,2120
8,2121
9,2122
23,2123
20,2124
48,2125
37,2126
6,2127
45,2128
10,2129
44,2130
43,2131
9,2132
26,2133
43,2134
7,2135
43,2136
21,2137
40,2138
2,2139
39,2140
50,2141
9,2142
2,2143
27,2144
43,2145
37,2146
40,2147
50,2148
49,2149
8,2150
25,2151
43,2152
18,2153
30,2154
21,2155
50,2156
15,2157
33,2158
27,2159
19,2160
20,2161
37,2162
42,2163
17,2164
46,2165
12,2166
13,2167
5,2168
49,2169
16,2170
15,2171
29,2172
44,2173
7,2174
20,2175
14,2176
24,2177
10,2178
7,2179
50,2180
19,2181
3,2182
2,2183
10,2184
24,2185
14,2186
32,2187
8,2188
37,2189
41,2190
34,2191
13,2192
46,2193
29,2194
26,2195
13,2196
19,2197
6,2198
25,2199
20,2200
6,2201
11,2202
6,2203
36,2204
11,2205
15,2206
31,2207
6,2208
16,2209
46,2210
30,2211
8,2212
15,2213
1,2214
6,2215
20,2216
39,2217
5,2218
1,2219
43,2220
7,2221
48,2222
8,2223
44,2224
50,2225
32,2226
40,2227
27,2228
18,2229
48,2230
18,2231
31,2232
26,2233
50,2234
33,2235
32,2236
12,2237
36,2238
28,2239
11,2240
25,2241
12,2242
3,2243
26,2244
21,2245
43,2246
10,2247
36,2248
5,2249
42,2250
23,2251
15,2252
28,2253
49,2254
39,2255
42,2256
41,2257
24,2258
38,2259
45,2260
50,2261
3,2262
25,2263
1,2264
48,2265
21,2266
10,2267
6,2268
21,2269
5,2270
5,2271
30,2272
43,2273
8,2274
49,2275
26,2276
4,2277
37,2278
41,2279
24,2280
9,2281
50,2282
11,2283
7,2284
8,2285
6,2286
28,2287
46,2288
27,2289
31,2290
30,2291
48,2292
11,2293
18,2294
7,2295
13,2296
11,2297
29,2298
23,2299
42,2300
34,2301
36,2302
37,2303
49,2304
10,2305
39,2306
42,2307
46,2308
33,2309
21,2310
28,2311
8,2312
45,2313
11,2314
25,2315
25,2316
11,2317
40,2318
4,2319
36,2320
50,2321
38,2322
41,2323
7,2324
28,2325
10,2326
1,2327
33,2328
3,2329
17,2330
44,2331
20,2332
31,2333
14,2334
43,2335
22,2336
4,2337
38,2338
46,2339
1,2340
44,2341
17,2342
33,2343
35,2344
41,2345
33,2346
45,2347
3,2348
46,2349
33,2350
41,2351
43,2352
28,2353
16,2354
30,2355
33,2356
4,2357
13,2358
6,2359
10,2360
20,2361
34,2362
38,2363
27,2364
44,2365
24,2366
48,2367
33,2368
37,2369
43,2370
7,2371
19,2372
13,2373
2,2374
26,2375
46,2376
25,2377
29,2378
43,2379
18,2380
10,2381
4,2382
14,2383
29,2384
35,2385
36,2386
27,2387
3,2388
7,2389
35,2390
48,2391
47,2392
8,2393
16,2394
21,2395
34,2396
43,2397
27,2398
24,2399
8,2400
10,2401
16,2402
34,2403
30,2404
18,2405
19,2406
48,2407
7,2408
19,2409
21,2410
18,2411
32,2412
5,2413
19,2414
7,2415
18,2416
2,2417
5,2418
30,2419
46,2420
38,2421
44,2422
24,2423
19,2424
23,2425
43,2426
48,2427
19,2428
35,2429
10,2430
32,2431
11,2432
11,2433
12,2434
40,2435
32,2436
45,2437
4,2438
47,2439
7,2440
4,2441
4,2442
38,2443
25,2444
17,2445
40,2446
15,2447
48,2448
41,2449
34,2450
50,2451
7,2452
35,2453
20,2454
42,2455
16,2456
25,2457
35,2458
46,2459
15,2460
2,2461
50,2462
6,2463
49,2464
16,2465
34,2466
27,2467
2,2468
32,2469
2,2470
43,2471
41,2472
46,2473
5,2474
12,2475
27,2476
2,2477
26,2478
13,2479
45,2480
4,2481
44,2482
24,2483
23,2484
41,2485
20,2486
26,2487
18,2488
2,2489
45,2490
33,2491
39,2492
18,2493
17,2494
23,2495
50,2496
27,2497
10,2498
4,2499
14,2500
34,2501
16,2502
6,2503
31,2504
47,2505
17,2506
8,2507
22,2508
4,2509
37,2510
4,2511
27,2512
28,2513
24,2514
17,2515
13,2516
8,2517
47,2518
35,2519
41,2520
37,2521
14,2522
19,2523
28,2524
46,2525
35,2526
46,2527
37,2528
20,2529
35,2530
19,2531
14,2532
46,2533
4,2534
31,2535
5,2536
6,2537
2,2538
39,2539
38,2540
30,2541
44,2542
13,2543
12,2544
26,2545
49,2546
18,2547
43,2548
25,2549
44,2550
1,2551
29,2552
16,2553
8,2554
10,2555
47,2556
7,2557
35,2558
14,2559
34,2560
21,2561
9,2562
27,2563
11,2564
21,2565
29,2566
50,2567
1,2568
19,2569
26,2570
42,2571
47,2572
27,2573
26,2574
30,2575
30,2576
23,2577
45,2578
29,2579
21,2580
32,2581
30,2582
14,2583
41,2584
15,2585
12,2586
34,2587
33,2588
23,2589
40,2590
22,2591
1,2592
31,2593
8,2594
8,2595
50,2596
4,2597
8,2598
8,2599
39,2600
8,2601
15,2602
13,2603
18,2604
42,2605
43,2606
6,2607
48,2608
18,2609
37,2610
44,2611
50,2612
48,2613
35,2614
36,2615
42,2616
7,2617
16,2618
31,2619
34,2620
5,2621
6,2622
45,2623
23,2624
40,2625
2,2626
39,2627
21,2628
15,2629
6,2630
1,2631
34,2632
13,2633
19,2634
2,2635
17,2636
24,2637
46,2638
29,2639
9,2640
38,2641
16,2642
50,2643
31,2644
33,2645
42,2646
44,2647
33,2648
12,2649
40,2650
47,2651
24,2652
38,2653
18,2654
14,2655
48,2656
41,2657
23,2658
36,2659
10,2660
41,2661
37,2662
8,2663
12,2664
27,2665
46,2666
32,2667
45,2668
8,2669
22,2670
2,2671
5,2672
24,2673
9,2674
50,2675
5,2676
46,2677
39,2678
24,2679
45,2680
16,2681
50,2682
40,2683
24,2684
14,2685
46,2686
33,2687
26,2688
23,2689
45,2690
16,2691
2,2692
4,2693
28,2694
11,2695
35,2696
7,2697
38,2698
37,2699
28,2700
13,2701
4,2702
7,2703
46,2704
2,2705
47,2706
43,2707
28,2708
25,2709
34,2710
28,2711
36,2712
25,2713
27,2714
2,2715
44,2716
45,2717
27,2718
20,2719
22,2720
33,2721
5,2722
42,2723
23,2724
25,2725
18,2726
21,2727
37,2728
24,2729
10,2730
41,2731
20,2732
25,2733
22,2734
17,2735
50,2736
20,2737
41,2738
4,2739
49,2740
41,2741
18,2742
44,2743
46,2744
48,2745
42,2746
19,2747
28,2748
31,2749
28,2750
30,2751
7,2752
9,2753
26,2754
37,2755
5,2756
45,2757
27,2758
19,2759
26,2760
13,2761
12,2762
19,2763
37,2764
31,2765
35,2766
43,2767
41,2768
46,2769
12,2770
3,2771
8,2772
39,2773
3,2774
48,2775
44,2776
3,2777
2,2778
7,2779
36,2780
50,2781
7,2782
6,2783
14,2784
38,2785
49,2786
1,2787
43,2788
8,2789
28,2790
39,2791
16,2792
16,2793
33,2794
19,2795
44,2796
29,2797
42,2798
9,2799
40,2800
25,2801
3,2802
6,2803
19,2804
10,2805
43,2806
8,2807
2,2808
47,2809
49,2810
1,2811
44,2812
24,2813
26,2814
13,2815
42,2816
41,2817
22,2818
1,2819
25,2820
49,2821
24,2822
26,2823
44,2824
36,2825
19,2826
47,2827
30,2828
6,2829
39,2830
11,2831
48,2832
36,2833
5,2834
21,2835
1,2836
13,2837
45,2838
14,2839
26,2840
42,2841
28,2842
30,2843
31,2844
10,2845
24,2846
27,2847
10,2848
4,2849
1,2850
37,2851
19,2852
14,2853
45,2854
48,2855
6,2856
35,2857
23,2858
33,2859
36,2860
6,2861
26,2862
16,2863
24,2864
5,2865
21,2866
16,2867
24,2868
16,2869
2,2870
49,2871
34,2872
27,2873
33,2874
14,2875
49,2876
49,2877
23,2878
19,2879
16,2880
28,2881
10,2882
43,2883
17,2884
47,2885
10,2886
24,2887
3,2888
44,2889
3,2890
45,2891
30,2892
50,2893
19,2894
38,2895
45,2896
50,2897
37,2898
39,2899
43,2900
37,2901
31,2902
17,2903
44,2904
27,2905
8,2906
16,2907
5,2908
36,2909
34,2910
43,2911
5,2912
3,2913
43,2914
48,2915
21,2916
43,2917
26,2918
10,2919
40,2920
16,2921
20,2922
11,2923
3,2924
24,2925
35,2926
6,2927
25,2928
22,2929
4,2930
48,2931
50,2932
49,2933
21,2934
40,2935
42,2936
16,2937
3,2938
31,2939
43,2940
36,2941
50,2942
33,2943
18,2944
19,2945
18,2946
4,2947
37,2948
14,2949
43,2950
30,2951
7,2952
41,2953
14,2954
45,2955
14,2956
10,2957
26,2958
42,2959
20,2960
41,2961
21,2962
10,2963
19,2964
19,2965
2,2966
29,2967
10,2968
7,2969
6,2970
40,2971
50,2972
8,2973
50,2974
2,2975
23,2976
43,2977
21,2978
29,2979
14,2980
46,2981
41,2982
4,2983
2,2984
31,2985
11,2986
3,2987
14,2988
48,2989
31,2990
50,2991
19,2992
10,2993
28,2994
50,2995
15,2996
29,2997
3,2998
12,2999
50,3000
37,3001
26,3002
22,3003
7,3004
41,3005
45,3006
32,3007
35,3008
36,3009
31,3010
50,3011
18,3012
21,3013
6,3014
11,3015
16,3016
28,3017
50,3018
3,3019
39,3020
50,3021
21,3022
39,3023
8,3024
49,3025
50,3026
15,3027
31,3028
17,3029
29,3030
36,3031
50,3032
40,3033
25,3034
7,3035
21,3036
44,3037
23,3038
6,3039
30,3040
35,3041
40,3042
5,3043
31,3044
24,3045
11,3046
4,3047
27,3048
50,3049
11,3050
41,3051
6,3052
8,3053
12,3054
19,3055
40,3056
43,3057
11,3058
15,3059
7,3060
33,3061
1,3062
3,3063
6,3064
12,3065
40,3066
43,3067
8,3068
2,3069
35,3070
36,3071
5,3072
13,3073
20,3074
14,3075
15,3076
49,3077
44,3078
45,3079
47,3080
24,3081
35,3082
46,3083
15,3084
25,3085
22,3086
29,3087
9,3088
18,3089
9,3090
2,3091
15,3092
15,3093
43,3094
1,3095
13,3096
43,3097
39,3098
15,3099
20,3100
18,3101
49,3102
13,3103
44,3104
28,3105
6,3106
2,3107
43,3108
44,3109
47,3110
40,3111
50,3112
12,3113
3,3114
44,3115
28,3116
36,3117
14,3118
34,3119
24,3120
48,3121
17,3122
24,3123
23,3124
24,3125
20,3126
19,3127
11,3128
20,3129
34,3130
32,3131
10,3132
16,3133
35,3134
28,3135
2,3136
18,3137
30,3138
15,3139
36,3140
15,3141
43,3142
2,3143
5,3144
19,3145
12,3146
2,3147
22,3148
43,3149
37,3150
9,3151
34,3152
28,3153
37,3154
24,3155
18,3156
39,3157
25,3158
16,3159
44,3160
17,3161
47,3162
3,3163
15,3164
42,3165
28,3166
45,3167
33,3168
45,3169
33,3170
21,3171
33,3172
31,3173
5,3174
38,3175
32,3176
16,3177
50,3178
11,3179
9,3180
5,3181
41,3182
33,3183
13,3184
21,3185
13,3186
7,3187
18,3188
34,3189
1,3190
29,3191
36,3192
7,3193
38,3194
36,3195
10,3196
5,3197
42,3198
16,3199
47,3200
1,3201
48,3202
50,3203
48,3204
15,3205
33,3206
46,3207
4,3208
29,3209
50,3210
14,3211
16,3212
24,3213
47,3214
42,3215
8,3216
37,3217
19,3218
29,3219
8,3220
48,3221
29,3222
5,3223
23,3224
39,3225
23,3226
36,3227
38,3228
41,3229
44,3230
31,3231
23,3232
22,3233
1,3234
22,3235
43,3236
43,3237
24,3238
42,3239
14,3240
18,3241
37,3242
45,3243
36,3244
34,3245
7,3246
35,3247
43,3248
35,3249
35,3250
24,3251
5,3252
18,3253
17,3254
16,3255
17,3256
18,3257
14,3258
26,3259
7,3260
46,3261
38,3262
48,3263
50,3264
43,3265
49,3266
46,3267
3,3268
11,3269
27,3270
47,3271
21,3272
6,3273
3,3274
24,3275
9,3276
31,3277
33,3278
32,3279
15,3280
32,3281
5,3282
24,3283
25,3284
14,3285
1,3286
45,3287
23,3288
23,3289
26,3290
49,3291
31,3292
6,3293
33,3294
11,3295
27,3296
15,3297
50,3298
29,3299
46,3300
7,3301
22,3302
43,3303
39,3304
41,3305
32,3306
18,3307
11,3308
1,3309
32,3310
37,3311
4,3312
19,3313
48,3314
14,3315
9,3316
8,3317
10,3318
32,3319
4,3320
49,3321
43,3322
4,3323
9,3324
37,3325
38,3326
18,3327
49,3328
34,3329
5,3330
44,3331
13,3332
47,3333
46,3334
11,3335
41,3336
24,3337
17,3338
9,3339
36,3340
7,3341
8,3342
39,3343
1,3344
33,3345
35,3346
28,3347
41,3348
19,3349
50,3350
31,3351
6,3352
1,3353
18,3354
48,3355
25,3356
35,3357
44,3358
26,3359
48,3360
48,3361
27,3362
36,3363
2,3364
47,3365
47,3366
24,3367
14,3368
35,3369
3,3370
11,3371
7,3372
6,3373
4,3374
49,3375
3,3376
5,3377
18,3378
40,3379
14,3380
8,3381
13,3382
1,3383
21,3384
19,3385
44,3386
8,3387
13,3388
21,3389
39,3390
38,3391
31,3392
40,3393
40,3394
9,3395
9,3396
43,3397
20,3398
31,3399
8,3400
3,3401
22,3402
38,3403
20,3404
10,3405
18,3406
45,3407
30,3408
24,3409
30,3410
2,3411
40,3412
6,3413
13,3414
5,3415
27,3416
26,3417
7,3418
23,3419
16,3420
48,3421
31,3422
30,3423
20,3424
13,3425
14,3426
49,3427
18,3428
34,3429
23,3430
16,3431
43,3432
3,3433
42,3434
33,3435
28,3436
12,3437
50,3438
35,3439
19,3440
9,3441
10,3442
2,3443
20,3444
14,3445
10,3446
50,3447
8,3448
45,3449
45,3450
23,3451
6,3452
10,3453
33,3454
37,3455
18,3456
28,3457
43,3458
32,3459
50,3460
22,3461
15,3462
41,3463
18,3464
44,3465
1,3466
15,3467
18,3468
43,3469
13,3470
42,3471
44,3472
27,3473
4,3474
23,3475
34,3476
4,3477
32,3478
30,3479
9,3480
29,3481
11,3482
4,3483
30,3484
19,3485
14,3486
4,3487
11,3488
4,3489
25,3490
17,3491
13,3492
17,3493
28,3494
33,3495
19,3496
50,3497
6,3498
48,3499
21,3500
38,3501
24,3502
11,3503
23,3504
21,3505
13,3506
42,3507
28,3508
23,3509
21,3510
16,3511
21,3512
18,3513
5,3514
16,3515
48,3516
21,3517
41,3518
33,3519
46,3520
21,3521
34,3522
17,3523
39,3524
5,3525
34,3526
38,3527
21,3528
11,3529
23,3530
9,3531
18,3532
34,3533
10,3534
12,3535
45,3536
35,3537
28,3538
50,3539
39,3540
20,3541
8,3542
42,3543
32,3544
26,3545
4,3546
23,3547
5,3548
44,3549
36,3550
44,3551
49,3552
10,3553
11,3554
24,3555
24,3556
26,3557
29,3558
42,3559
24,3560
20,3561
14,3562
7,3563
34,3564
46,3565
6,3566
16,3567
30,3568
24,3569
49,3570
45,3571
42,3572
34,3573
37,3574
35,3575
48,3576
15,3577
6,3578
35,3579
31,3580
28,3581
40,3582
36,3583
40,3584
22,3585
1,3586
35,3587
49,3588
48,3589
30,3590
32,3591
42,3592
31,3593
42,3594
49,3595
28,3596
33,3597
38,3598
3,3599
40,3600
39,3601
26,3602
15,3603
18,3604
36,3605
31,3606
6,3607
15,3608
6,3609
17,3610
15,3611
44,3612
31,3613
41,3614
12,3615
45,3616
6,3617
12,3618
27,3619
34,3620
5,3621
14,3622
32,3623
20,3624
35,3625
2,3626
30,3627
10,3628
25,3629
27,3630
18,3631
21,3632
23,3633
32,3634
37,3635
13,3636
18,3637
47,3638
45,3639
1,3640
38,3641
37,3642
27,3643
12,3644
24,3645
18,3646
8,3647
9,3648
5,3649
36,3650
7,3651
33,3652
21,3653
11,3654
35,3655
48,3656
4,3657
2,3658
19,3659
37,3660
31,3661
12,3662
23,3663
9,3664
39,3665
6,3666
42,3667
19,3668
25,3669
40,3670
5,3671
16,3672
8,3673
11,3674
45,3675
19,3676
37,3677
21,3678
24,3679
26,3680
2,3681
49,3682
38,3683
36,3684
30,3685
48,3686
6,3687
45,3688
4,3689
11,3690
50,3691
20,3692
50,3693
5,3694
41,3695
31,3696
47,3697
40,3698
42,3699
20,3700
11,3701
47,3702
29,3703
17,3704
15,3705
11,3706
39,3707
19,3708
46,3709
5,3710
43,3711
13,3712
38,3713
6,3714
41,3715
12,3716
47,3717
50,3718
18,3719
23,3720
25,3721
42,3722
16,3723
39,3724
17,3725
47,3726
17,3727
35,3728
11,3729
40,3730
10,3731
44,3732
23,3733
28,3734
8,3735
16,3736
38,3737
7,3738
5,3739
3,3740
26,3741
50,3742
26,3743
20,3744
30,3745
7,3746
36,3747
33,3748
8,3749
14,3750
22,3751
18,3752
31,3753
39,3754
40,3755
46,3756
45,3757
5,3758
2,3759
2,3760
29,3761
35,3762
4,3763
21,3764
43,3765
27,3766
31,3767
10,3768
32,3769
4,3770
8,3771
28,3772
32,3773
37,3774
13,3775
33,3776
13,3777
41,3778
44,3779
28,3780
9,3781
43,3782
13,3783
39,3784
21,3785
2,3786
44,3787
26,3788
32,3789
25,3790
11,3791
33,3792
1,3793
35,3794
6,3795
39,3796
41,3797
21,3798
20,3799
38,3800
18,3801
12,3802
32,3803
40,3804
38,3805
18,3806
6,3807
1,3808
29,3809
31,3810
44,3811
10,3812
1,3813
47,3814
45,3815
31,3816
42,3817
40,3818
16,3819
49,3820
35,3821
42,3822
14,3823
28,3824
20,3825
42,3826
46,3827
4,3828
40,3829
48,3830
33,3831
49,3832
14,3833
47,3834
11,3835
10,3836
42,3837
23,3838
3,3839
8,3840
47,3841
18,3842
39,3843
42,3844
17,3845
17,3846
10,3847
49,3848
15,3849
21,3850
41,3851
43,3852
45,3853
34,3854
6,3855
24,3856
25,3857
28,3858
47,3859
17,3860
24,3861
4,3862
6,3863
18,3864
15,3865
46,3866
1,3867
49,3868
25,3869
20,3870
34,3871
2,3872
41,3873
44,3874
17,3875
4,3876
26,3877
44,3878
36,3879
13,3880
19,3881
46,3882
12,3883
26,3884
49,3885
27,3886
19,3887
39,3888
12,3889
35,3890
13,3891
46,3892
50,3893
9,3894
37,3895
10,3896
36,3897
46,3898
25,3899
37,3900
23,3901
6,3902
33,3903
42,3904
31,3905
44,3906
36,3907
17,3908
35,3909
34,3910
34,3911
31,3912
45,3913
33,3914
41,3915
35,3916
18,3917
14,3918
43,3919
29,3920
21,3921
48,3922
14,3923
6,3924
50,3925
15,3926
8,3927
18,3928
13,3929
19,3930
22,3931
7,3932
7,3933
8,3934
5,3935
35,3936
39,3937
36,3938
1,3939
20,3940
25,3941
20,3942
19,3943
50,3944
23,3945
31,3946
12,3947
19,3948
49,3949
40,3950
9,3951
2,3952
6,3953
21,3954
2,3955
1,3956
42,3957
8,3958
5,3959
18,3960
50,3961
7,3962
29,3963
5,3964
49,3965
7,3966
30,3967
29,3968
37,3969
48,3970
23,3971
11,3972
26,3973
31,3974
19,3975
43,3976
35,3977
19,3978
31,3979
27,3980
22,3981
44,3982
29,3983
20,3984
13,3985
43,3986
22,3987
8,3988
27,3989
32,3990
12,3991
20,3992
9,3993
42,3994
17,3995
11,3996
45,3997
19,3998
48,3999
39,4000
22,4001
10,4002
47,4003
32,4004
37,4005
24,4006
10,4007
47,4008
19,4009
45,4010
24,4011
6,4012
35,4013
28,4014
45,4015
42,4016
32,4017
29,4018
37,4019
11,4020
13,4021
27,4022
36,4023
13,4024
48,4025
50,4026
30,4027
23,4028
40,4029
23,4030
14,4031
48,4032
1,4033
27,4034
14,4035
38,4036
12,4037
46,4038
16,4039
7,4040
28,4041
42,4042
6,4043
36,4044
25,4045
21,4046
38,4047
23,4048
41,4049
40,4050
37,4051
6,4052
40,4053
21,4054
26,4055
8,4056
31,4057
34,4058
9,4059
24,4060
2,4061
33,4062
40,4063
24,4064
47,4065
1,4066
19,4067
1,4068
31,4069
27,4070
7,4071
10,4072
23,4073
50,4074
27,4075
42,4076
46,4077
33,4078
23,4079
32,4080
17,4081
22,4082
48,4083
17,4084
47,4085
33,4086
23,4087
25,4088
31,4089
37,4090
37,4091
24,4092
26,4093
18,4094
12,4095
36,4096
18,4097
44,4098
48,4099
32,4100
14,4101
22,4102
5,4103
50,4104
26,4105
13,4106
47,4107
2,4108
19,4109
33,4110
45,4111
34,4112
34,4113
12,4114
9,4115
47,4116
44,4117
29,4118
16,4119
24,4120
18,4121
20,4122
46,4123
5,4124
32,4125
23,4126
20,4127
27,4128
20,4129
39,4130
12,4131
48,4132
46,4133
16,4134
15,4135
14,4136
21,4137
45,4138
34,4139
28,4140
43,4141
11,4142
3,4143
35,4144
50,4145
21,4146
3,4147
8,4148
32,4149
6,4150
41,4151
11,4152
33,4153
44,4154
34,4155
12,4156
29,4157
11,4158
50,4159
26,4160
31,4161
46,4162
27,4163
39,4164
50,4165
49,4166
35,4167
28,4168
7,4169
2,4170
24,4171
41,4172
3,4173
14,4174
18,4175
5,4176
9,4177
2,4178
18,4179
30,4180
11,4181
4,4182
37,4183
19,4184
44,4185
22,4186
47,4187
4,4188
12,4189
12,4190
38,4191
49,4192
10,4193
23,4194
43,4195
38,4196
2,4197
38,4198
5,4199
4,4200
5,4201
24,4202
6,4203
21,4204
24,4205
48,4206
43,4207
40,4208
21,4209
9,4210
10,4211
25,4212
8,4213
5,4214
30,4215
8,4216
46,4217
43,4218
15,4219
44,4220
49,4221
15,4222
45,4223
31,4224
4,4225
1,4226
43,4227
27,4228
28,4229
24,4230
36,4231
17,4232
18,4233
46,4234
23,4235
24,4236
49,4237
19,4238
34,4239
46,4240
31,4241
17,4242
48,4243
50,4244
5,4245
27,4246
33,4247
13,4248
45,4249
27,4250
6,4251
12,4252
36,4253
36,4254
11,4255
8,4256
31,4257
23,4258
28,4259
36,4260
48,4261
6,4262
10,4263
18,4264
32,4265
42,4266
23,4267
32,4268
10,4269
24,4270
47,4271
37,4272
22,4273
35,4274
19,4275
37,4276
23,4277
33,4278
27,4279
22,4280
24,4281
44,4282
21,4283
21,4284
32,4285
13,4286
42,4287
1,4288
41,4289
49,4290
7,4291
15,4292
43,4293
10,4294
10,4295
17,4296
31,4297
10,4298
20,4299
27,4300
35,4301
3,4302
19,4303
2,4304
44,4305
39,4306
28,4307
13,4308
50,4309
2,4310
25,4311
22,4312
37,4313
27,4314
40,4315
27,4316
9,4317
18,4318
16,4319
28,4320
6,4321
13,4322
18,4323
34,4324
36,4325
24,4326
23,4327
4,4328
40,4329
15,4330
28,4331
48,4332
28,4333
2,4334
26,4335
20,4336
37,4337
48,4338
39,4339
44,4340
36,4341
21,4342
16,4343
26,4344
5,4345
23,4346
33,4347
45,4348
44,4349
43,4350
27,4351
40,4352
18,4353
44,4354
23,4355
47,4356
15,4357
18,4358
28,4359
8,4360
49,4361
3,4362
48,4363
38,4364
5,4365
11,4366
44,4367
42,4368
16,4369
40,4370
33,4371
32,4372
24,4373
7,4374
30,4375
20,4376
8,4377
27,4378
36,4379
38,4380
6,4381
19,4382
47,4383
25,4384
28,4385
18,4386
28,4387
48,4388
47,4389
21,4390
37,4391
45,4392
30,4393
1,4394
46,4395
40,4396
2,4397
49,4398
49,4399
2,4400
38,4401
10,4402
3,4403
35,4404
18,4405
19,4406
21,4407
50,4408
15,4409
32,4410
46,4411
29,4412
2,4413
26,4414
23,4415
37,4416
16,4417
50,4418
41,4419
44,4420
30,4421
47,4422
24,4423
41,4424
8,4425
44,4426
17,4427
21,4428
11,4429
39,4430
6,4431
42,4432
22,4433
34,4434
18,4435
36,4436
34,4437
21,4438
2,4439
14,4440
9,4441
28,4442
38,4443
27,4444
19,4445
45,4446
40,4447
39,4448
1,4449
11,4450
36,4451
44,4452
25,4453
32,4454
4,4455
2,4456
29,4457
21,4458
2,4459
8,4460
35,4461
37,4462
15,4463
18,4464
15,4465
41,4466
2,4467
1,4468
22,4469
35,4470
34,4471
2,4472
30,4473
50,4474
4,4475
13,4476
46,4477
47,4478
30,4479
49,4480
23,4481
39,4482
18,4483
18,4484
39,4485
50,4486
31,4487
34,4488
7,4489
28,4490
13,4491
9,4492
6,4493
16,4494
3,4495
4,4496
27,4497
19,4498
28,4499
6,4500
46,4501
34,4502
47,4503
46,4504
9,4505
26,4506
28,4507
35,4508
24,4509
13,4510
32,4511
8,4512
24,4513
28,4514
42,4515
30,4516
36,4517
27,4518
30,4519
35,4520
27,4521
50,4522
22,4523
7,4524
9,4525
29,4526
25,4527
44,4528
4,4529
35,4530
36,4531
47,4532
16,4533
12,4534
19,4535
30,4536
25,4537
6,4538
13,4539
21,4540
38,4541
13,4542
2,4543
22,4544
12,4545
40,4546
34,4547
47,4548
50,4549
34,4550
34,4551
21,4552
11,4553
35,4554
40,4555
25,4556
4,4557
41,4558
3,4559
3,4560
29,4561
2,4562
20,4563
21,4564
1,4565
41,4566
14,4567
5,4568
12,4569
16,4570
16,4571
23,4572
14,4573
4,4574
35,4575
23,4576
8,4577
6,4578
24,4579
36,4580
44,4581
14,4582
17,4583
23,4584
36,4585
5,4586
1,4587
50,4588
22,4589
29,4590
6,4591
43,4592
5,4593
5,4594
23,4595
46,4596
9,4597
35,4598
4,4599
8,4600
32,4601
34,4602
1,4603
47,4604
24,4605
12,4606
10,4607
39,4608
20,4609
46,4610
1,4611
24,4612
19,4613
34,4614
13,4615
4,4616
36,4617
20,4618
33,4619
21,4620
9,4621
35,4622
9,4623
47,4624
39,4625
50,4626
47,4627
20,4628
22,4629
8,4630
16,4631
16,4632
14,4633
38,4634
5,4635
35,4636
28,4637
22,4638
23,4639
37,4640
21,4641
6,4642
48,4643
33,4644
19,4645
22,4646
48,4647
8,4648
13,4649
8,4650
1,4651
6,4652
48,4653
44,4654
48,4655
15,4656
18,4657
1,4658
26,4659
16,4660
20,4661
20,4662
15,4663
22,4664
13,4665
26,4666
7,4667
21,4668
31,4669
48,4670
12,4671
20,4672
14,4673
10,4674
14,4675
20,4676
15,4677
33,4678
26,4679
16,4680
30,4681
8,4682
33,4683
27,4684
41,4685
11,4686
29,4687
49,4688
32,4689
49,4690
6,4691
22,4692
12,4693
14,4694
20,4695
3,4696
23,4697
50,4698
26,4699
9,4700
13,4701
28,4702
2,4703
9,4704
50,4705
22,4706
22,4707
19,4708
2,4709
46,4710
49,4711
32,4712
11,4713
30,4714
13,4715
19,4716
24,4717
1,4718
30,4719
24,4720
6,4721
6,4722
28,4723
1,4724
43,4725
42,4726
14,4727
43,4728
12,4729
36,4730
37,4731
46,4732
28,4733
18,4734
27,4735
39,4736
13,4737
18,4738
24,4739
42,4740
1,4741
50,4742
18,4743
13,4744
13,4745
32,4746
13,4747
49,4748
26,4749
39,4750
23,4751
2,4752
45,4753
30,4754
41,4755
13,4756
28,4757
35,4758
8,4759
2,4760
16,4761
6,4762
23,4763
49,4764
6,4765
1,4766
43,4767
47,4768
4,4769
29,4770
20,4771
30,4772
16,4773
19,4774
18,4775
3,4776
49,4777
19,4778
47,4779
10,4780
35,4781
5,4782
12,4783
22,4784
23,4785
8,4786
14,4787
12,4788
49,4789
47,4790
8,4791
12,4792
18,4793
27,4794
35,4795
45,4796
4,4797
33,4798
19,4799
42,4800
45,4801
10,4802
10,4803
2,4804
4,4805
17,4806
40,4807
32,4808
4,4809
33,4810
17,4811
6,4812
2,4813
18,4814
47,4815
28,4816
44,4817
18,4818
5,4819
29,4820
44,4821
19,4822
35,4823
2,4824
8,4825
12,4826
23,4827
1,4828
43,4829
17,4830
9,4831
6,4832
42,4833
30,4834
49,4835
8,4836
20,4837
36,4838
18,4839
19,4840
35,4841
21,4842
28,4843
22,4844
1,4845
43,4846
18,4847
1,4848
13,4849
24,4850
22,4851
29,4852
44,4853
6,4854
43,4855
1,4856
1,4857
50,4858
20,4859
34,4860
39,4861
9,4862
7,4863
28,4864
7,4865
37,4866
4,4867
18,4868
31,4869
43,4870
48,4871
35,4872
45,4873
34,4874
6,4875
45,4876
40,4877
5,4878
28,4879
36,4880
3,4881
49,4882
5,4883
19,4884
14,4885
12,4886
17,4887
50,4888
24,4889
47,4890
40,4891
44,4892
14,4893
31,4894
16,4895
36,4896
10,4897
1,4898
18,4899
20,4900
41,4901
38,4902
15,4903
32,4904
15,4905
27,4906
41,4907
22,4908
48,4909
35,4910
2,4911
11,4912
17,4913
2,4914
15,4915
1,4916
49,4917
31,4918
47,4919
5,4920
28,4921
13,4922
25,4923
40,4924
43,4925
25,4926
8,4927
26,4928
36,4929
44,4930
19,4931
21,4932
3,4933
19,4934
24,4935
10,4936
40,4937
32,4938
46,4939
39,4940
6,4941
17,4942
21,4943
49,4944
30,4945
16,4946
15,4947
31,4948
15,4949
49,4950
47,4951
9,4952
46,4953
36,4954
33,4955
28,4956
14,4957
10,4958
14,4959
28,4960
50,4961
18,4962
19,4963
27,4964
1,4965
40,4966
12,4967
50,4968
33,4969
11,4970
48,4971
41,4972
41,4973
49,4974
26,4975
9,4976
8,4977
12,4978
22,4979
44,4980
9,4981
21,4982
37,4983
42,4984
38,4985
1,4986
40,4987
42,4988
14,4989
41,4990
40,4991
34,4992
22,4993
23,4994
30,4995
1,4996
46,4997
35,4998
34,4999
6,5000
50,5001
24,5002
3,5003
25,5004
47,5005
30,5006
18,5007
19,5008
40,5009
46,5010
7,5011
9,5012
22,5013
20,5014
15,5015
34,5016
25,5017
45,5018
6,5019
47,5020
19,5021
18,5022
1,5023
21,5024
40,5025
28,5026
40,5027
3,5028
15,5029
41,5030
33,5031
21,5032
7,5033
5,5034
22,5035
48,5036
4,5037
13,5038
24,5039
33,5040
27,5041
50,5042
34,5043
4,5044
8,5045
37,5046
3,5047
47,5048
11,5049
28,5050
47,5051
43,5052
42,5053
24,5054
24,5055
18,5056
42,5057
6,5058
35,5059
41,5060
15,5061
22,5062
7,5063
8,5064
37,5065
23,5066
36,5067
3,5068
25,5069
3,5070
20,5071
48,5072
9,5073
30,5074
46,5075
6,5076
18,5077
24,5078
46,5079
24,5080
2,5081
46,5082
27,5083
2,5084
30,5085
19,5086
30,5087
1,5088
40,5089
41,5090
30,5091
47,5092
25,5093
10,5094
21,5095
21,5096
33,5097
14,5098
25,5099
48,5100
29,5101
40,5102
4,5103
2,5104
49,5105
15,5106
30,5107
14,5108
33,5109
34,5110
30,5111
13,5112
19,5113
4,5114
34,5115
46,5116
24,5117
31,5118
44,5119
5,5120
49,5121
3,5122
9,5123
19,5124
27,5125
29,5126
39,5127
19,5128
5,5129
24,5130
47,5131
19,5132
40,5133
6,5134
26,5135
18,5136
22,5137
4,5138
27,5139
8,5140
5,5141
18,5142
37,5143
49,5144
46,5145
36,5146
31,5147
43,5148
20,5149
21,5150
20,5151
22,5152
23,5153
3,5154
11,5155
10,5156
19,5157
24,5158
9,5159
9,5160
24,5161
4,5162
7,5163
25,5164
35,5165
26,5166
28,5167
9,5168
38,5169
40,5170
24,5171
12,5172
39,5173
36,5174
6,5175
49,5176
32,5177
21,5178
28,5179
33,5180
28,5181
46,5182
9,5183
29,5184
45,5185
43,5186
35,5187
30,5188
6,5189
36,5190
20,5191
16,5192
12,5193
50,5194
40,5195
26,5196
4,5197
38,5198
41,5199
14,5200
9,5201
26,5202
15,5203
50,5204
6,5205
49,5206
47,5207
30,5208
50,5209
27,5210
8,5211
41,5212
40,5213
48,5214
32,5215
30,5216
25,5217
18,5218
7,5219
15,5220
4,5221
7,5222
40,5223
48,5224
47,5225
45,5226
4,5227
31,5228
20,5229
43,5230
16,5231
3,5232
40,5233
20,5234
11,5235
7,5236
2,5237
1,5238
32,5239
19,5240
47,5241
50,5242
25,5243
20,5244
48,5245
38,5246
49,5247
44,5248
32,5249
41,5250
18,5251
33,5252
41,5253
30,5254
27,5255
22,5256
27,5257
39,5258
7,5259
9,5260
7,5261
12,5262
20,5263
29,5264
33,5265
37,5266
16,5267
12,5268
30,5269
27,5270
23,5271
1,5272
26,5273
42,5274
10,5275
17,5276
20,5277
17,5278
24,5279
3,5280
10,5281
42,5282
33,5283
22,5284
46,5285
13,5286
18,5287
50,5288
37,5289
33,5290
47,5291
17,5292
30,5293
16,5294
47,5295
37,5296
37,5297
19,5298
24,5299
19,5300
39,5301
32,5302
20,5303
25,5304
49,5305
43,5306
14,5307
14,5308
1,5309
45,5310
38,5311
16,5312
11,5313
19,5314
26,5315
50,5316
10,5317
23,5318
28,5319
45,5320
20,5321
31,5322
26,5323
7,5324
31,5325
18,5326
29,5327
26,5328
19,5329
9,5330
38,5331
28,5332
27,5333
1,5334
47,5335
26,5336
21,5337
30,5338
26,5339
20,5340
46,5341
32,5342
22,5343
33,5344
9,5345
39,5346
32,5347
43,5348
21,5349
30,5350
15,5351
17,5352
48,5353
28,5354
2,5355
13,5356
24,5357
7,5358
28,5359
1,5360
6,5361
46,5362
9,5363
20,5364
50,5365
30,5366
23,5367
11,5368
11,5369
33,5370
47,5371
35,5372
20,5373
33,5374
23,5375
15,5376
34,5377
25,5378
20,5379
1,5380
38,5381
42,5382
25,5383
4,5384
50,5385
12,5386
28,5387
50,5388
44,5389
5,5390
10,5391
24,5392
28,5393
11,5394
39,5395
49,5396
42,5397
32,5398
19,5399
11,5400
38,5401
34,5402
47,5403
17,5404
45,5405
46,5406
27,5407
13,5408
23,5409
37,5410
1,5411
44,5412
28,5413
31,5414
30,5415
20,5416
27,5417
24,5418
41,5419
3,5420
34,5421
50,5422
40,5423
30,5424
29,5425
36,5426
14,5427
38,5428
23,5429
9,5430
11,5431
30,5432
25,5433
7,5434
41,5435
35,5436
28,5437
22,5438
34,5439
15,5440
30,5441
31,5442
1,5443
11,5444
8,5445
35,5446
27,5447
26,5448
42,5449
17,5450
33,5451
11,5452
6,5453
40,5454
13,5455
36,5456
27,5457
29,5458
45,5459
38,5460
38,5461
25,5462
44,5463
8,5464
35,5465
14,5466
15,5467
27,5468
15,5469
10,5470
37,5471
44,5472
7,5473
43,5474
31,5475
36,5476
29,5477
3,5478
22,5479
20,5480
45,5481
9,5482
6,5483
28,5484
7,5485
46,5486
37,5487
22,5488
45,5489
26,5490
38,5491
26,5492
31,5493
41,5494
50,5495
2,5496
3,5497
8,5498
8,5499
34,5500
14,5501
2,5502
31,5503
8,5504
49,5505
21,5506
3,5507
11,5508
43,5509
34,5510
19,5511
41,5512
7,5513
34,5514
37,5515
42,5516
50,5517
16,5518
31,5519
44,5520
26,5521
8,5522
15,5523
14,5524
28,5525
47,5526
8,5527
36,5528
15,5529
19,5530
13,5531
28,5532
30,5533
47,5534
33,5535
36,5536
27,5537
4,5538
31,5539
1,5540
29,5541
2,5542
28,5543
12,5544
20,5545
13,5546
13,5547
47,5548
29,5549
27,5550
19,5551
16,5552
2,5553
45,5554
34,5555
6,5556
26,5557
37,5558
39,5559
44,5560
38,5561
2,5562
50,5563
16,5564
11,5565
9,5566
49,5567
46,5568
10,5569
18,5570
5,5571
18,5572
44,5573
50,5574
17,5575
39,5576
42,5577
30,5578
21,5579
44,5580
7,5581
42,5582
21,5583
3,5584
50,5585
30,5586
39,5587
31,5588
22,5589
33,5590
13,5591
30,5592
13,5593
50,5594
41,5595
16,5596
33,5597
49,5598
41,5599
37,5600
8,5601
22,5602
8,5603
24,5604
29,5605
42,5606
36,5607
40,5608
32,5609
6,5610
44,5611
22,5612
8,5613
31,5614
5,5615
35,5616
26,5617
6,5618
37,5619
20,5620
36,5621
32,5622
43,5623
30,5624
18,5625
2,5626
43,5627
1,5628
8,5629
50,5630
32,5631
9,5632
30,5633
16,5634
15,5635
49,5636
45,5637
15,5638
44,5639
39,5640
18,5641
49,5642
10,5643
20,5644
8,5645
33,5646
45,5647
23,5648
24,5649
49,5650
25,5651
25,5652
50,5653
17,5654
28,5655
25,5656
16,5657
28,5658
46,5659
24,5660
46,5661
9,5662
25,5663
43,5664
35,5665
33,5666
21,5667
37,5668
24,5669
12,5670
18,5671
30,5672
38,5673
43,5674
1,5675
43,5676
43,5677
33,5678
8,5679
50,5680
45,5681
30,5682
47,5683
6,5684
41,5685
28,5686
46,5687
42,5688
4,5689
44,5690
21,5691
17,5692
32,5693
34,5694
31,5695
1,5696
11,5697
1,5698
18,5699
2,5700
29,5701
27,5702
48,5703
47,5704
44,5705
42,5706
29,5707
45,5708
50,5709
5,5710
3,5711
15,5712
37,5713
15,5714
35,5715
48,5716
49,5717
28,5718
47,5719
12,5720
41,5721
4,5722
37,5723
18,5724
26,5725
30,5726
15,5727
26,5728
35,5729
11,5730
24,5731
16,5732
50,5733
50,5734
15,5735
18,5736
13,5737
6,5738
46,5739
19,5740
49,5741
5,5742
8,5743
8,5744
10,5745
12,5746
43,5747
49,5748
5,5749
29,5750
22,5751
41,5752
31,5753
41,5754
29,5755
32,5756
28,5757
12,5758
45,5759
34,5760
45,5761
45,5762
45,5763
27,5764
24,5765
30,5766
21,5767
48,5768
16,5769
24,5770
48,5771
14,5772
40,5773
41,5774
43,5775
26,5776
20,5777
27,5778
5,5779
36,5780
45,5781
48,5782
50,5783
6,5784
21,5785
47,5786
30,5787
38,5788
47,5789
18,5790
39,5791
8,5792
8,5793
27,5794
10,5795
5,5796
41,5797
12,5798
16,5799
44,5800
2,5801
28,5802
3,5803
43,5804
14,5805
35,5806
7,5807
29,5808
14,5809
49,5810
1,5811
36,5812
34,5813
23,5814
2,5815
27,5816
21,5817
25,5818
39,5819
26,5820
19,5821
14,5822
10,5823
50,5824
5,5825
34,5826
15,5827
33,5828
18,5829
41,5830
48,5831
18,5832
37,5833
39,5834
19,5835
19,5836
48,5837
18,5838
48,5839
12,5840
11,5841
21,5842
47,5843
17,5844
50,5845
35,5846
21,5847
4,5848
49,5849
33,5850
42,5851
37,5852
35,5853
28,5854
2,5855
10,5856
17,5857
37,5858
3,5859
22,5860
25,5861
40,5862
2,5863
30,5864
37,5865
24,5866
35,5867
36,5868
44,5869
24,5870
2,5871
16,5872
40,5873
3,5874
1,5875
29,5876
38,5877
18,5878
43,5879
46,5880
1,5881
40,5882
24,5883
34,5884
6,5885
46,5886
39,5887
31,5888
26,5889
38,5890
45,5891
23,5892
43,5893
37,5894
33,5895
17,5896
6,5897
33,5898
6,5899
17,5900
47,5901
22,5902
24,5903
20,5904
43,5905
48,5906
16,5907
5,5908
22,5909
21,5910
7,5911
7,5912
31,5913
15,5914
36,5915
48,5916
19,5917
10,5918
10,5919
22,5920
11,5921
40,5922
17,5923
36,5924
31,5925
50,5926
32,5927
30,5928
39,5929
28,5930
9,5931
1,5932
44,5933
4,5934
48,5935
37,5936
15,5937
12,5938
18,5939
5,5940
5,5941
46,5942
35,5943
29,5944
21,5945
47,5946
30,5947
45,5948
37,5949
24,5950
38,5951
8,5952
46,5953
6,5954
24,5955
29,5956
31,5957
7,5958
42,5959
6,5960
43,5961
50,5962
28,5963
40,5964
10,5965
25,5966
46,5967
3,5968
14,5969
9,5970
6,5971
40,5972
33,5973
33,5974
38,5975
22,5976
24,5977
44,5978
9,5979
47,5980
50,5981
6,5982
46,5983
18,5984
47,5985
16,5986
23,5987
33,5988
8,5989
28,5990
2,5991
38,5992
36,5993
8,5994
50,5995
47,5996
5,5997
46,5998
50,5999
46,6000
9,6001
40,6002
14,6003
36,6004
25,6005
34,6006
33,6007
15,6008
41,6009
32,6010
11,6011
50,6012
14,6013
36,6014
17,6015
6,6016
27,6017
9,6018
2,6019
22,6020
6,6021
24,6022
23,6023
6,6024
43,6025
21,6026
40,6027
29,6028
13,6029
46,6030
19,6031
14,6032
32,6033
19,6034
30,6035
39,6036
26,6037
2,6038
8,6039
29,6040
19,6041
8,6042
34,6043
50,6044
50,6045
36,6046
23,6047
17,6048
9,6049
27,6050
43,6051
18,6052
21,6053
34,6054
25,6055
23,6056
30,6057
43,6058
27,6059
16,6060
41,6061
36,6062
29,6063
11,6064
20,6065
14,6066
32,6067
35,6068
42,6069
21,6070
40,6071
34,6072
48,6073
14,6074
27,6075
40,6076
5,6077
14,6078
20,6079
7,6080
29,6081
47,6082
33,6083
43,6084
1,6085
31,6086
8,6087
13,6088
33,6089
20,6090
3,6091
30,6092
44,6093
18,6094
22,6095
36,6096
3,6097
14,6098
45,6099
1,6100
37,6101
32,6102
31,6103
25,6104
22,6105
4,6106
4,6107
38,6108
6,6109
9,6110
37,6111
49,6112
37,6113
29,6114
20,6115
35,6116
27,6117
29,6118
22,6119
8,6120
33,6121
44,6122
16,6123
46,6124
32,6125
32,6126
2,6127
36,6128
22,6129
40,6130
23,6131
10,6132
29,6133
10,6134
40,6135
24,6136
17,6137
26,6138
22,6139
31,6140
18,6141
28,6142
4,6143
27,6144
16,6145
19,6146
4,6147
33,6148
20,6149
23,6150
30,6151
50,6152
4,6153
8,6154
15,6155
17,6156
13,6157
23,6158
50,6159
40,6160
2,6161
15,6162
12,6163
15,6164
3,6165
42,6166
11,6167
8,6168
30,6169
48,6170
2,6171
33,6172
15,6173
32,6174
24,6175
16,6176
49,6177
34,6178
12,6179
26,6180
16,6181
11,6182
14,6183
35,6184
11,6185
3,6186
30,6187
17,6188
13,6189
40,6190
12,6191
20,6192
16,6193
34,6194
19,6195
31,6196
13,6197
19,6198
38,6199
47,6200
19,6201
45,6202
39,6203
5,6204
42,6205
24,6206
49,6207
12,6208
29,6209
39,6210
34,6211
22,6212
36,6213
12,6214
23,6215
1,6216
33,6217
13,6218
14,6219
34,6220
17,6221
30,6222
27,6223
27,6224
25,6225
38,6226
42,6227
33,6228
30,6229
20,6230
25,6231
42,6232
25,6233
23,6234
34,6235
4,6236
14,6237
26,6238
32,6239
1,6240
22,6241
24,6242
16,6243
31,6244
24,6245
28,6246
49,6247
41,6248
36,6249
28,6250
30,6251
43,6252
26,6253
16,6254
21,6255
8,6256
50,6257
45,6258
43,6259
5,6260
2,6261
33,6262
19,6263
11,6264
41,6265
25,6266
13,6267
20,6268
11,6269
19,6270
28,6271
17,6272
46,6273
11,6274
47,6275
12,6276
32,6277
49,6278
41,6279
44,6280
23,6281
41,6282
26,6283
29,6284
23,6285
30,6286
32,6287
38,6288
27,6289
21,6290
34,6291
27,6292
48,6293
48,6294
32,6295
18,6296
1,6297
49,6298
49,6299
21,6300
43,6301
17,6302
37,6303
28,6304
22,6305
24,6306
34,6307
7,6308
14,6309
11,6310
43,6311
10,6312
7,6313
14,6314
14,6315
45,6316
9,6317
8,6318
20,6319
37,6320
31,6321
43,6322
7,6323
19,6324
8,6325
31,6326
46,6327
42,6328
26,6329
47,6330
49,6331
50,6332
40,6333
41,6334
32,6335
50,6336
1,6337
45,6338
41,6339
15,6340
17,6341
4,6342
18,6343
6,6344
6,6345
31,6346
5,6347
9,6348
22,6349
14,6350
32,6351
4,6352
22,6353
38,6354
38,6355
2,6356
35,6357
43,6358
32,6359
13,6360
44,6361
41,6362
50,6363
40,6364
19,6365
28,6366
17,6367
38,6368
29,6369
36,6370
34,6371
17,6372
33,6373
18,6374
3,6375
50,6376
39,6377
34,6378
10,6379
5,6380
50,6381
45,6382
47,6383
49,6384
43,6385
16,6386
22,6387
4,6388
44,6389
10,6390
16,6391
27,6392
26,6393
29,6394
9,6395
5,6396
4,6397
33,6398
46,6399
33,6400
7,6401
5,6402
33,6403
45,6404
38,6405
49,6406
20,6407
7,6408
22,6409
33,6410
11,6411
44,6412
50,6413
25,6414
40,6415
25,6416
43,6417
26,6418
8,6419
28,6420
19,6421
16,6422
36,6423
13,6424
24,6425
17,6426
47,6427
33,6428
11,6429
48,6430
2,6431
20,6432
33,6433
30,6434
24,6435
48,6436
7,6437
43,6438
14,6439
20,6440
13,6441
13,6442
6,6443
4,6444
21,6445
42,6446
40,6447
4,6448
14,6449
39,6450
7,6451
8,6452
41,6453
31,6454
36,6455
31,6456
45,6457
35,6458
44,6459
19,6460
16,6461
31,6462
12,6463
21,6464
1,6465
9,6466
38,6467
1,6468
7,6469
46,6470
19,6471
43,6472
2,6473
44,6474
9,6475
42,6476
17,6477
34,6478
22,6479
50,6480
25,6481
10,6482
43,6483
4,6484
34,6485
14,6486
32,6487
9,6488
50,6489
38,6490
9,6491
42,6492
4,6493
37,6494
43,6495
6,6496
39,6497
22,6498
10,6499
2,6500
3,6501
20,6502
39,6503
17,6504
5,6505
28,6506
12,6507
50,6508
10,6509
36,6510
38,6511
21,6512
6,6513
5,6514
25,6515
38,6516
43,6517
39,6518
35,6519
31,6520
50,6521
22,6522
25,6523
44,6524
17,6525
49,6526
31,6527
1,6528
15,6529
16,6530
28,6531
45,6532
24,6533
42,6534
16,6535
24,6536
42,6537
5,6538
10,6539
43,6540
1,6541
35,6542
29,6543
21,6544
31,6545
2,6546
42,6547
39,6548
3,6549
44,6550
7,6551
28,6552
40,6553
30,6554
18,6555
4,6556
7,6557
45,6558
39,6559
23,6560
6,6561
35,6562
4,6563
10,6564
31,6565
16,6566
37,6567
4,6568
13,6569
7,6570
40,6571
43,6572
4,6573
6,6574
21,6575
2,6576
15,6577
31,6578
23,6579
26,6580
33,6581
34,6582
23,6583
18,6584
16,6585
47,6586
15,6587
31,6588
2,6589
20,6590
38,6591
23,6592
15,6593
1,6594
40,6595
3,6596
16,6597
37,6598
49,6599
12,6600
39,6601
41,6602
16,6603
16,6604
8,6605
33,6606
23,6607
12,6608
41,6609
43,6610
16,6611
20,6612
25,6613
12,6614
11,6615
13,6616
29,6617
9,6618
42,6619
46,6620
2,6621
41,6622
42,6623
19,6624
44,6625
22,6626
13,6627
7,6628
10,6629
50,6630
14,6631
47,6632
45,6633
6,6634
12,6635
40,6636
24,6637
20,6638
43,6639
2,6640
10,6641
42,6642
35,6643
12,6644
36,6645
16,6646
39,6647
43,6648
28,6649
19,6650
29,6651
47,6652
1,6653
31,6654
41,6655
35,6656
22,6657
19,6658
2,6659
9,6660
32,6661
6,6662
24,6663
10,6664
28,6665
47,6666
20,6667
1,6668
50,6669
2,6670
23,6671
24,6672
19,6673
28,6674
20,6675
14,6676
38,6677
20,6678
8,6679
35,6680
26,6681
14,6682
6,6683
6,6684
14,6685
50,6686
15,6687
30,6688
23,6689
23,6690
20,6691
6,6692
33,6693
11,6694
21,6695
43,6696
32,6697
26,6698
2,6699
30,6700
37,6701
6,6702
50,6703
6,6704
10,6705
31,6706
17,6707
48,6708
5,6709
18,6710
14,6711
37,6712
1,6713
22,6714
46,6715
46,6716
26,6717
44,6718
29,6719
15,6720
11,6721
9,6722
21,6723
12,6724
12,6725
39,6726
9,6727
35,6728
41,6729
4,6730
47,6731
13,6732
32,6733
24,6734
7,6735
16,6736
33,6737
49,6738
28,6739
19,6740
30,6741
32,6742
8,6743
6,6744
48,6745
38,6746
14,6747
21,6748
38,6749
25,6750
5,6751
45,6752
29,6753
12,6754
33,6755
47,6756
46,6757
10,6758
22,6759
40,6760
49,6761
25,6762
32,6763
20,6764
48,6765
42,6766
50,6767
8,6768
36,6769
39,6770
20,6771
25,6772
49,6773
43,6774
11,6775
11,6776
24,6777
30,6778
11,6779
27,6780
14,6781
44,6782
15,6783
37,6784
48,6785
41,6786
40,6787
26,6788
35,6789
26,6790
37,6791
26,6792
14,6793
32,6794
45,6795
10,6796
47,6797
11,6798
6,6799
14,6800
2,6801
2,6802
33,6803
24,6804
26,6805
37,6806
39,6807
38,6808
12,6809
2,6810
35,6811
10,6812
12,6813
30,6814
23,6815
27,6816
13,6817
33,6818
2,6819
4,6820
8,6821
28,6822
20,6823
15,6824
30,6825
46,6826
32,6827
21,6828
22,6829
12,6830
1,6831
26,6832
44,6833
50,6834
7,6835
24,6836
45,6837
47,6838
21,6839
32,6840
11,6841
46,6842
9,6843
48,6844
32,6845
14,6846
6,6847
29,6848
29,6849
2,6850
44,6851
16,6852
39,6853
46,6854
5,6855
45,6856
30,6857
22,6858
30,6859
6,6860
42,6861
1,6862
50,6863
31,6864
7,6865
45,6866
31,6867
31,6868
43,6869
44,6870
41,6871
44,6872
36,6873
31,6874
23,6875
24,6876
8,6877
24,6878
23,6879
38,6880
41,6881
35,6882
8,6883
43,6884
8,6885
49,6886
4,6887
46,6888
38,6889
20,6890
35,6891
4,6892
38,6893
11,6894
27,6895
27,6896
37,6897
43,6898
31,6899
28,6900
29,6901
1,6902
19,6903
18,6904
27,6905
4,6906
12,6907
16,6908
29,6909
12,6910
29,6911
31,6912
18,6913
45,6914
29,6915
37,6916
29,6917
36,6918
26,6919
25,6920
9,6921
17,6922
7,6923
5,6924
47,6925
11,6926
50,6927
25,6928
28,6929
50,6930
20,6931
4,6932
43,6933
16,6934
29,6935
35,6936
13,6937
33,6938
15,6939
25,6940
15,6941
37,6942
9,6943
46,6944
28,6945
39,6946
17,6947
23,6948
13,6949
16,6950
26,6951
22,6952
26,6953
50,6954
49,6955
11,6956
36,6957
34,6958
26,6959
26,6960
24,6961
25,6962
25,6963
26,6964
37,6965
6,6966
15,6967
14,6968
20,6969
11,6970
21,6971
45,6972
35,6973
10,6974
39,6975
21,6976
22,6977
18,6978
12,6979
40,6980
10,6981
22,6982
3,6983
32,6984
35,6985
5,6986
28,6987
36,6988
5,6989
40,6990
23,6991
6,6992
48,6993
9,6994
20,6995
5,6996
14,6997
16,6998
23,6999
36,7000
29,7001
38,7002
32,7003
48,7004
1,7005
45,7006
6,7007
2,7008
24,7009
29,7010
49,7011
16,7012
35,7013
40,7014
27,7015
9,7016
30,7017
41,7018
13,7019
38,7020
43,7021
35,7022
4,7023
24,7024
15,7025
17,7026
20,7027
42,7028
25,7029
15,7030
3,7031
40,7032
33,7033
9,7034
22,7035
27,7036
44,7037
10,7038
37,7039
12,7040
33,7041
49,7042
23,7043
14,7044
42,7045
44,7046
42,7047
17,7048
49,7049
33,7050
22,7051
8,7052
40,7053
9,7054
19,7055
5,7056
47,7057
29,7058
35,7059
34,7060
8,7061
4,7062
32,7063
4,7064
19,7065
5,7066
9,7067
31,7068
35,7069
30,7070
18,7071
40,7072
30,7073
27,7074
11,7075
3,7076
49,7077
15,7078
45,7079
42,7080
21,7081
17,7082
49,7083
31,7084
39,7085
4,7086
42,7087
47,7088
1,7089
23,7090
32,7091
43,7092
12,7093
11,7094
47,7095
42,7096
25,7097
34,7098
48,7099
35,7100
47,7101
39,7102
12,7103
5,7104
39,7105
39,7106
26,7107
41,7108
23,7109
39,7110
42,7111
8,7112
15,7113
41,7114
38,7115
14,7116
31,7117
3,7118
6,7119
30,7120
17,7121
13,7122
5,7123
15,7124
46,7125
14,7126
42,7127
11,7128
9,7129
44,7130
10,7131
1,7132
25,7133
6,7134
22,7135
39,7136
31,7137
42,7138
26,7139
15,7140
19,7141
43,7142
19,7143
15,7144
7,7145
45,7146
12,7147
25,7148
28,7149
13,7150
32,7151
41,7152
16,7153
34,7154
7,7155
14,7156
10,7157
4,7158
47,7159
36,7160
8,7161
46,7162
39,7163
21,7164
48,7165
21,7166
12,7167
21,7168
7,7169
42,7170
30,7171
11,7172
30,7173
23,7174
43,7175
46,7176
43,7177
14,7178
33,7179
39,7180
36,7181
35,7182
11,7183
22,7184
50,7185
25,7186
18,7187
4,7188
31,7189
4,7190
25,7191
32,7192
38,7193
16,7194
28,7195
31,7196
46,7197
15,7198
39,7199
8,7200
31,7201
43,7202
7,7203
13,7204
4,7205
36,7206
36,7207
19,7208
18,7209
9,7210
47,7211
27,7212
40,7213
31,7214
15,7215
44,7216
13,7217
27,7218
5,7219
7,7220
37,7221
18,7222
50,7223
23,7224
43,7225
20,7226
26,7227
27,7228
3,7229
29,7230
36,7231
31,7232
19,7233
47,7234
49,7235
29,7236
33,7237
50,7238
35,7239
21,7240
23,7241
1,7242
6,7243
34,7244
12,7245
14,7246
29,7247
24,7248
33,7249
23,7250
32,7251
6,7252
41,7253
17,7254
3,7255
48,7256
33,7257
19,7258
16,7259
44,7260
7,7261
47,7262
10,7263
1,7264
27,7265
11,7266
15,7267
18,7268
43,7269
26,7270
16,7271
14,7272
4,7273
17,7274
18,7275
4,7276
42,7277
42,7278
44,7279
1,7280
7,7281
24,7282
29,7283
48,7284
21,7285
38,7286
5,7287
48,7288
42,7289
10,7290
46,7291
37,7292
31,7293
45,7294
47,7295
41,7296
19,7297
6,7298
36,7299
17,7300
19,7301
36,7302
10,7303
44,7304
48,7305
3,7306
46,7307
13,7308
18,7309
14,7310
49,7311
19,7312
16,7313
7,7314
21,7315
18,7316
29,7317
12,7318
27,7319
31,7320
46,7321
26,7322
1,7323
24,7324
19,7325
16,7326
23,7327
7,7328
43,7329
4,7330
16,7331
6,7332
21,7333
25,7334
23,7335
38,7336
19,7337
25,7338
50,7339
34,7340
35,7341
27,7342
27,7343
50,7344
48,7345
31,7346
7,7347
40,7348
4,7349
9,7350
9,7351
46,7352
31,7353
49,7354
26,7355
35,7356
9,7357
46,7358
46,7359
11,7360
18,7361
20,7362
41,7363
4,7364
3,7365
10,7366
32,7367
39,7368
21,7369
20,7370
12,7371
41,7372
43,7373
14,7374
3,7375
32,7376
49,7377
31,7378
46,7379
29,7380
46,7381
43,7382
38,7383
30,7384
4,7385
36,7386
4,7387
24,7388
35,7389
41,7390
22,7391
26,7392
41,7393
1,7394
37,7395
36,7396
1,7397
13,7398
12,7399
39,7400
23,7401
46,7402
11,7403
34,7404
43,7405
33,7406
27,7407
42,7408
36,7409
43,7410
35,7411
6,7412
24,7413
13,7414
25,7415
8,7416
2,7417
12,7418
17,7419
39,7420
6,7421
21,7422
47,7423
20,7424
37,7425
42,7426
35,7427
24,7428
13,7429
17,7430
14,7431
43,7432
20,7433
42,7434
3,7435
14,7436
47,7437
20,7438
3,7439
46,7440
14,7441
19,7442
21,7443
26,7444
16,7445
26,7446
4,7447
42,7448
44,7449
28,7450
29,7451
15,7452
5,7453
4,7454
2,7455
4,7456
35,7457
3,7458
9,7459
11,7460
39,7461
44,7462
4,7463
46,7464
18,7465
48,7466
38,7467
42,7468
33,7469
37,7470
10,7471
6,7472
47,7473
15,7474
46,7475
16,7476
17,7477
18,7478
40,7479
44,7480
3,7481
5,7482
43,7483
50,7484
35,7485
22,7486
43,7487
18,7488
1,7489
17,7490
16,7491
31,7492
28,7493
19,7494
22,7495
35,7496
38,7497
39,7498
21,7499
36,7500
37,7501
35,7502
34,7503
35,7504
38,7505
28,7506
33,7507
8,7508
13,7509
36,7510
44,7511
20,7512
30,7513
25,7514
18,7515
34,7516
46,7517
14,7518
28,7519
37,7520
4,7521
49,7522
9,7523
29,7524
17,7525
21,7526
42,7527
39,7528
47,7529
14,7530
19,7531
46,7532
2,7533
21,7534
4,7535
33,7536
32,7537
1,7538
10,7539
49,7540
18,7541
36,7542
9,7543
13,7544
29,7545
47,7546
6,7547
49,7548
45,7549
27,7550
39,7551
38,7552
10,7553
47,7554
10,7555
27,7556
8,7557
42,7558
46,7559
46,7560
50,7561
46,7562
40,7563
22,7564
50,7565
45,7566
6,7567
22,7568
36,7569
26,7570
6,7571
45,7572
2,7573
37,7574
48,7575
12,7576
2,7577
2,7578
47,7579
38,7580
6,7581
4,7582
46,7583
2,7584
5,7585
44,7586
21,7587
13,7588
19,7589
2,7590
32,7591
48,7592
17,7593
33,7594
43,7595
19,7596
13,7597
39,7598
11,7599
35,7600
12,7601
24,7602
16,7603
14,7604
28,7605
40,7606
41,7607
30,7608
23,7609
17,7610
11,7611
38,7612
26,7613
2,7614
8,7615
1,7616
44,7617
2,7618
19,7619
35,7620
19,7621
30,7622
21,7623
46,7624
25,7625
1,7626
43,7627
32,7628
35,7629
6,7630
15,7631
21,7632
29,7633
36,7634
22,7635
40,7636
8,7637
18,7638
14,7639
13,7640
32,7641
21,7642
45,7643
20,7644
7,7645
22,7646
46,7647
25,7648
16,7649
50,7650
22,7651
24,7652
48,7653
25,7654
44,7655
13,7656
34,7657
4,7658
47,7659
24,7660
34,7661
5,7662
50,7663
5,7664
50,7665
47,7666
8,7667
37,7668
11,7669
26,7670
25,7671
3,7672
21,7673
41,7674
50,7675
30,7676
34,7677
45,7678
50,7679
23,7680
39,7681
4,7682
21,7683
14,7684
17,7685
35,7686
15,7687
16,7688
24,7689
6,7690
17,7691
50,7692
22,7693
14,7694
27,7695
4,7696
26,7697
3,7698
20,7699
33,7700
30,7701
30,7702
35,7703
44,7704
25,7705
22,7706
18,7707
43,7708
41,7709
40,7710
43,7711
33,7712
25,7713
19,7714
39,7715
44,7716
5,7717
21,7718
24,7719
34,7720
25,7721
30,7722
40,7723
41,7724
24,7725
23,7726
40,7727
19,7728
19,7729
46,7730
28,7731
11,7732
14,7733
7,7734
39,7735
1,7736
21,7737
34,7738
23,7739
26,7740
1,7741
36,7742
28,7743
21,7744
15,7745
27,7746
48,7747
2,7748
12,7749
42,7750
5,7751
34,7752
39,7753
31,7754
3,7755
23,7756
24,7757
18,7758
6,7759
18,7760
43,7761
19,7762
12,7763
33,7764
3,7765
49,7766
25,7767
1,7768
24,7769
11,7770
11,7771
33,7772
20,7773
13,7774
48,7775
6,7776
40,7777
30,7778
22,7779
34,7780
25,7781
42,7782
15,7783
12,7784
45,7785
46,7786
13,7787
27,7788
23,7789
34,7790
11,7791
14,7792
25,7793
50,7794
20,7795
4,7796
7,7797
43,7798
38,7799
16,7800
10,7801
31,7802
26,7803
4,7804
21,7805
7,7806
15,7807
12,7808
40,7809
24,7810
27,7811
22,7812
20,7813
14,7814
50,7815
27,7816
16,7817
16,7818
13,7819
42,7820
6,7821
1,7822
12,7823
6,7824
30,7825
47,7826
25,7827
21,7828
13,7829
27,7830
47,7831
16,7832
43,7833
16,7834
25,7835
15,7836
43,7837
1,7838
4,7839
37,7840
3,7841
25,7842
3,7843
39,7844
17,7845
50,7846
16,7847
22,7848
12,7849
33,7850
50,7851
47,7852
49,7853
9,7854
9,7855
46,7856
30,7857
43,7858
28,7859
5,7860
47,7861
33,7862
32,7863
33,7864
31,7865
42,7866
29,7867
32,7868
36,7869
3,7870
20,7871
6,7872
47,7873
6,7874
9,7875
17,7876
11,7877
50,7878
12,7879
20,7880
49,7881
22,7882
11,7883
39,7884
50,7885
24,7886
48,7887
34,7888
24,7889
18,7890
48,7891
43,7892
12,7893
11,7894
44,7895
35,7896
23,7897
41,7898
43,7899
50,7900
22,7901
9,7902
12,7903
8,7904
40,7905
40,7906
24,7907
20,7908
18,7909
39,7910
46,7911
24,7912
39,7913
42,7914
14,7915
6,7916
38,7917
43,7918
12,7919
43,7920
47,7921
48,7922
4,7923
20,7924
50,7925
21,7926
38,7927
11,7928
50,7929
25,7930
27,7931
36,7932
32,7933
32,7934
21,7935
28,7936
17,7937
2,7938
18,7939
10,7940
32,7941
3,7942
2,7943
27,7944
40,7945
1,7946
29,7947
8,7948
34,7949
38,7950
7,7951
19,7952
40,7953
47,7954
3,7955
18,7956
26,7957
9,7958
2,7959
21,7960
7,7961
20,7962
11,7963
30,7964
6,7965
35,7966
3,7967
2,7968
4,7969
25,7970
7,7971
42,7972
36,7973
27,7974
10,7975
3,7976
29,7977
15,7978
50,7979
38,7980
27,7981
19,7982
44,7983
24,7984
13,7985
20,7986
22,7987
37,7988
34,7989
7,7990
50,7991
1,7992
42,7993
42,7994
44,7995
35,7996
10,7997
2,7998
43,7999
46,8000
30,8001
4,8002
42,8003
16,8004
41,8005
34,8006
7,8007
4,8008
35,8009
18,8010
36,8011
9,8012
12,8013
22,8014
5,8015
21,8016
34,8017
18,8018
23,8019
25,8020
7,8021
17,8022
16,8023
30,8024
43,8025
15,8026
42,8027
46,8028
23,8029
28,8030
35,8031
20,8032
23,8033
31,8034
8,8035
16,8036
40,8037
10,8038
9,8039
7,8040
26,8041
13,8042
48,8043
1,8044
22,8045
39,8046
9,8047
37,8048
28,8049
8,8050
22,8051
6,8052
43,8053
9,8054
17,8055
40,8056
29,8057
25,8058
15,8059
46,8060
24,8061
40,8062
12,8063
20,8064
3,8065
45,8066
33,8067
5,8068
24,8069
19,8070
8,8071
41,8072
20,8073
7,8074
1,8075
50,8076
25,8077
40,8078
39,8079
44,8080
28,8081
35,8082
36,8083
24,8084
46,8085
44,8086
41,8087
24,8088
35,8089
12,8090
44,8091
30,8092
23,8093
48,8094
17,8095
1,8096
40,8097
46,8098
1,8099
24,8100
49,8101
43,8102
1,8103
25,8104
24,8105
30,8106
47,8107
28,8108
7,8109
10,8110
17,8111
18,8112
25,8113
12,8114
43,8115
18,8116
1,8117
50,8118
46,8119
37,8120
43,8121
8,8122
49,8123
33,8124
38,8125
38,8126
31,8127
8,8128
49,8129
10,8130
2,8131
6,8132
27,8133
26,8134
30,8135
29,8136
27,8137
48,8138
36,8139
3,8140
46,8141
34,8142
35,8143
14,8144
7,8145
46,8146
46,8147
18,8148
28,8149
12,8150
5,8151
18,8152
45,8153
50,8154
17,8155
37,8156
30,8157
36,8158
1,8159
18,8160
32,8161
12,8162
26,8163
37,8164
15,8165
17,8166
34,8167
38,8168
31,8169
25,8170
44,8171
3,8172
37,8173
22,8174
49,8175
34,8176
23,8177
8,8178
20,8179
39,8180
40,8181
12,8182
42,8183
32,8184
33,8185
18,8186
25,8187
40,8188
48,8189
35,8190
19,8191
17,8192
31,8193
29,8194
15,8195
20,8196
50,8197
46,8198
14,8199
27,8200
43,8201
48,8202
11,8203
24,8204
3,8205
28,8206
37,8207
13,8208
3,8209
37,8210
23,8211
45,8212
42,8213
16,8214
42,8215
46,8216
47,8217
26,8218
21,8219
30,8220
7,8221
43,8222
15,8223
25,8224
9,8225
22,8226
33,8227
13,8228
40,8229
50,8230
30,8231
9,8232
38,8233
41,8234
5,8235
6,8236
50,8237
29,8238
42,8239
38,8240
1,8241
49,8242
6,8243
2,8244
42,8245
14,8246
23,8247
1,8248
46,8249
35,8250
10,8251
18,8252
38,8253
47,8254
35,8255
47,8256
34,8257
38,8258
35,8259
35,8260
8,8261
14,8262
31,8263
16,8264
20,8265
30,8266
15,8267
11,8268
9,8269
5,8270
50,8271
20,8272
10,8273
36,8274
11,8275
37,8276
16,8277
45,8278
40,8279
28,8280
32,8281
41,8282
43,8283
30,8284
20,8285
21,8286
3,8287
30,8288
6,8289
7,8290
32,8291
27,8292
8,8293
35,8294
1,8295
22,8296
7,8297
2,8298
10,8299
39,8300
34,8301
1,8302
14,8303
32,8304
24,8305
25,8306
49,8307
1,8308
34,8309
29,8310
30,8311
39,8312
29,8313
2,8314
35,8315
9,8316
21,8317
6,8318
43,8319
12,8320
19,8321
21,8322
38,8323
35,8324
7,8325
24,8326
29,8327
33,8328
24,8329
14,8330
19,8331
31,8332
9,8333
45,8334
7,8335
14,8336
6,8337
36,8338
38,8339
8,8340
17,8341
26,8342
6,8343
50,8344
47,8345
26,8346
30,8347
31,8348
47,8349
11,8350
15,8351
28,8352
20,8353
19,8354
12,8355
22,8356
27,8357
38,8358
16,8359
20,8360
5,8361
23,8362
3,8363
12,8364
16,8365
4,8366
39,8367
30,8368
18,8369
45,8370
3,8371
8,8372
24,8373
32,8374
48,8375
37,8376
23,8377
44,8378
44,8379
16,8380
40,8381
49,8382
9,8383
29,8384
43,8385
37,8386
32,8387
7,8388
18,8389
40,8390
33,8391
17,8392
22,8393
29,8394
26,8395
3,8396
21,8397
9,8398
1,8399
21,8400
13,8401
48,8402
21,8403
41,8404
27,8405
35,8406
25,8407
23,8408
6,8409
28,8410
18,8411
7,8412
31,8413
42,8414
40,8415
22,8416
8,8417
35,8418
39,8419
3,8420
18,8421
31,8422
30,8423
12,8424
29,8425
38,8426
38,8427
46,8428
41,8429
15,8430
20,8431
41,8432
17,8433
28,8434
19,8435
38,8436
2,8437
36,8438
3,8439
18,8440
13,8441
39,8442
28,8443
34,8444
10,8445
32,8446
13,8447
23,8448
13,8449
22,8450
30,8451
45,8452
5,8453
5,8454
48,8455
49,8456
47,8457
14,8458
49,8459
40,8460
12,8461
2,8462
48,8463
37,8464
29,8465
22,8466
32,8467
24,8468
3,8469
42,8470
33,8471
19,8472
13,8473
11,8474
49,8475
23,8476
13,8477
21,8478
29,8479
43,8480
48,8481
15,8482
18,8483
46,8484
32,8485
17,8486
10,8487
10,8488
41,8489
40,8490
12,8491
7,8492
4,8493
26,8494
34,8495
20,8496
44,8497
19,8498
35,8499
1,8500
18,8501
42,8502
2,8503
3,8504
15,8505
25,8506
35,8507
41,8508
23,8509
33,8510
36,8511
32,8512
46,8513
34,8514
34,8515
8,8516
36,8517
48,8518
23,8519
6,8520
36,8521
24,8522
9,8523
32,8524
8,8525
49,8526
18,8527
21,8528
21,8529
48,8530
13,8531
15,8532
20,8533
39,8534
9,8535
17,8536
45,8537
2,8538
9,8539
47,8540
29,8541
10,8542
42,8543
45,8544
10,8545
21,8546
6,8547
2,8548
43,8549
44,8550
40,8551
28,8552
14,8553
27,8554
10,8555
2,8556
20,8557
34,8558
30,8559
24,8560
19,8561
34,8562
13,8563
17,8564
29,8565
35,8566
43,8567
6,8568
39,8569
31,8570
21,8571
18,8572
5,8573
25,8574
41,8575
22,8576
7,8577
38,8578
39,8579
48,8580
10,8581
47,8582
20,8583
40,8584
1,8585
41,8586
24,8587
43,8588
41,8589
10,8590
5,8591
44,8592
36,8593
15,8594
42,8595
28,8596
28,8597
38,8598
6,8599
39,8600
46,8601
22,8602
37,8603
17,8604
48,8605
29,8606
16,8607
5,8608
45,8609
38,8610
3,8611
50,8612
19,8613
29,8614
23,8615
49,8616
32,8617
41,8618
31,8619
13,8620
43,8621
36,8622
28,8623
42,8624
16,8625
3,8626
31,8627
22,8628
50,8629
26,8630
41,8631
13,8632
38,8633
37,8634
50,8635
45,8636
1,8637
4,8638
2,8639
23,8640
29,8641
13,8642
14,8643
49,8644
49,8645
8,8646
11,8647
5,8648
27,8649
15,8650
35,8651
38,8652
14,8653
14,8654
29,8655
9,8656
19,8657
46,8658
1,8659
40,8660
3,8661
37,8662
23,8663
34,8664
7,8665
35,8666
21,8667
39,8668
4,8669
32,8670
42,8671
9,8672
15,8673
2,8674
45,8675
45,8676
48,8677
34,8678
48,8679
44,8680
13,8681
32,8682
14,8683
32,8684
22,8685
13,8686
23,8687
4,8688
40,8689
21,8690
22,8691
46,8692
29,8693
16,8694
34,8695
16,8696
50,8697
8,8698
50,8699
33,8700
1,8701
33,8702
32,8703
8,8704
22,8705
46,8706
35,8707
18,8708
10,8709
27,8710
5,8711
40,8712
42,8713
19,8714
48,8715
40,8716
48,8717
20,8718
45,8719
46,8720
5,8721
38,8722
26,8723
32,8724
33,8725
6,8726
42,8727
20,8728
9,8729
3,8730
45,8731
36,8732
25,8733
23,8734
32,8735
16,8736
40,8737
33,8738
29,8739
46,8740
41,8741
45,8742
50,8743
29,8744
41,8745
35,8746
38,8747
2,8748
41,8749
13,8750
31,8751
10,8752
34,8753
25,8754
41,8755
16,8756
1,8757
32,8758
49,8759
16,8760
25,8761
38,8762
43,8763
24,8764
46,8765
38,8766
8,8767
5,8768
33,8769
23,8770
35,8771
45,8772
40,8773
5,8774
29,8775
20,8776
2,8777
42,8778
11,8779
13,8780
22,8781
23,8782
21,8783
31,8784
49,8785
21,8786
43,8787
30,8788
37,8789
20,8790
28,8791
28,8792
24,8793
35,8794
14,8795
29,8796
15,8797
43,8798
46,8799
17,8800
1,8801
46,8802
27,8803
3,8804
22,8805
6,8806
37,8807
37,8808
14,8809
19,8810
19,8811
17,8812
8,8813
47,8814
9,8815
29,8816
6,8817
45,8818
22,8819
48,8820
18,8821
24,8822
27,8823
21,8824
11,8825
46,8826
37,8827
31,8828
28,8829
16,8830
39,8831
43,8832
43,8833
4,8834
49,8835
41,8836
11,8837
14,8838
22,8839
27,8840
47,8841
46,8842
7,8843
31,8844
9,8845
9,8846
25,8847
5,8848
45,8849
15,8850
9,8851
32,8852
48,8853
47,8854
10,8855
33,8856
20,8857
27,8858
19,8859
43,8860
46,8861
3,8862
50,8863
31,8864
5,8865
32,8866
1,8867
7,8868
19,8869
4,8870
42,8871
29,8872
9,8873
34,8874
9,8875
48,8876
2,8877
19,8878
37,8879
20,8880
2,8881
6,8882
30,8883
11,8884
33,8885
39,8886
20,8887
34,8888
15,8889
12,8890
35,8891
6,8892
38,8893
34,8894
5,8895
39,8896
19,8897
50,8898
9,8899
8,8900
46,8901
36,8902
48,8903
30,8904
26,8905
4,8906
47,8907
33,8908
38,8909
26,8910
36,8911
28,8912
11,8913
30,8914
11,8915
32,8916
35,8917
33,8918
24,8919
34,8920
16,8921
20,8922
42,8923
41,8924
26,8925
38,8926
41,8927
35,8928
34,8929
5,8930
46,8931
33,8932
24,8933
14,8934
13,8935
35,8936
47,8937
9,8938
31,8939
16,8940
11,8941
12,8942
50,8943
10,8944
46,8945
17,8946
4,8947
26,8948
3,8949
43,8950
18,8951
36,8952
32,8953
29,8954
10,8955
50,8956
50,8957
6,8958
33,8959
28,8960
23,8961
7,8962
4,8963
5,8964
1,8965
49,8966
49,8967
5,8968
13,8969
44,8970
22,8971
17,8972
23,8973
15,8974
19,8975
13,8976
28,8977
22,8978
21,8979
40,8980
50,8981
31,8982
6,8983
33,8984
5,8985
50,8986
6,8987
14,8988
50,8989
45,8990
25,8991
31,8992
18,8993
45,8994
45,8995
40,8996
35,8997
4,8998
46,8999
20,9000
43,9001
32,9002
46,9003
24,9004
23,9005
50,9006
47,9007
26,9008
18,9009
25,9010
12,9011
31,9012
49,9013
9,9014
12,9015
2,9016
11,9017
14,9018
40,9019
50,9020
22,9021
47,9022
42,9023
44,9024
38,9025
13,9026
13,9027
33,9028
9,9029
48,9030
3,9031
4,9032
32,9033
24,9034
24,9035
45,9036
31,9037
28,9038
20,9039
14,9040
39,9041
2,9042
28,9043
6,9044
34,9045
28,9046
11,9047
20,9048
24,9049
2,9050
19,9051
31,9052
24,9053
43,9054
30,9055
28,9056
49,9057
45,9058
12,9059
48,9060
5,9061
15,9062
25,9063
31,9064
26,9065
27,9066
41,9067
44,9068
12,9069
21,9070
19,9071
27,9072
6,9073
21,9074
13,9075
11,9076
46,9077
8,9078
39,9079
36,9080
13,9081
50,9082
12,9083
27,9084
30,9085
44,9086
5,9087
11,9088
25,9089
46,9090
31,9091
42,9092
13,9093
34,9094
36,9095
2,9096
21,9097
11,9098
40,9099
45,9100
35,9101
39,9102
50,9103
46,9104
40,9105
21,9106
25,9107
31,9108
46,9109
2,9110
21,9111
21,9112
20,9113
7,9114
35,9115
47,9116
45,9117
30,9118
41,9119
4,9120
5,9121
20,9122
19,9123
49,9124
24,9125
24,9126
13,9127
5,9128
30,9129
32,9130
33,9131
50,9132
40,9133
9,9134
46,9135
9,9136
8,9137
16,9138
42,9139
19,9140
1,9141
50,9142
36,9143
29,9144
10,9145
13,9146
18,9147
2,9148
19,9149
2,9150
32,9151
44,9152
4,9153
4,9154
38,9155
20,9156
32,9157
38,9158
4,9159
18,9160
21,9161
24,9162
27,9163
25,9164
32,9165
41,9166
38,9167
15,9168
23,9169
50,9170
22,9171
8,9172
37,9173
36,9174
47,9175
11,9176
22,9177
10,9178
36,9179
21,9180
41,9181
28,9182
14,9183
17,9184
22,9185
39,9186
18,9187
28,9188
12,9189
32,9190
1,9191
17,9192
20,9193
47,9194
9,9195
43,9196
39,9197
28,9198
49,9199
2,9200
34,9201
35,9202
12,9203
38,9204
18,9205
31,9206
43,9207
37,9208
14,9209
49,9210
10,9211
21,9212
14,9213
7,9214
36,9215
35,9216
10,9217
4,9218
6,9219
46,9220
44,9221
45,9222
40,9223
23,9224
12,9225
6,9226
1,9227
14,9228
26,9229
9,9230
1,9231
48,9232
16,9233
33,9234
13,9235
35,9236
4,9237
25,9238
35,9239
12,9240
22,9241
21,9242
30,9243
17,9244
21,9245
48,9246
7,9247
3,9248
24,9249
9,9250
7,9251
5,9252
18,9253
44,9254
5,9255
2,9256
48,9257
44,9258
3,9259
24,9260
48,9261
48,9262
49,9263
45,9264
17,9265
3,9266
27,9267
35,9268
45,9269
25,9270
44,9271
6,9272
33,9273
44,9274
21,9275
22,9276
47,9277
5,9278
3,9279
33,9280
17,9281
24,9282
4,9283
25,9284
17,9285
40,9286
21,9287
37,9288
45,9289
16,9290
49,9291
34,9292
13,9293
43,9294
22,9295
41,9296
2,9297
27,9298
24,9299
41,9300
9,9301
20,9302
35,9303
40,9304
42,9305
20,9306
44,9307
50,9308
21,9309
19,9310
31,9311
32,9312
2,9313
33,9314
32,9315
31,9316
3,9317
37,9318
47,9319
32,9320
44,9321
1,9322
30,9323
16,9324
22,9325
21,9326
10,9327
48,9328
7,9329
2,9330
39,9331
41,9332
14,9333
39,9334
4,9335
50,9336
15,9337
16,9338
19,9339
18,9340
2,9341
4,9342
37,9343
48,9344
26,9345
46,9346
32,9347
5,9348
13,9349
23,9350
35,9351
19,9352
34,9353
4,9354
9,9355
13,9356
29,9357
7,9358
23,9359
43,9360
46,9361
29,9362
12,9363
28,9364
13,9365
15,9366
44,9367
10,9368
31,9369
37,9370
37,9371
6,9372
16,9373
20,9374
34,9375
9,9376
21,9377
10,9378
19,9379
27,9380
50,9381
10,9382
44,9383
1,9384
8,9385
1,9386
8,9387
35,9388
42,9389
9,9390
16,9391
27,9392
21,9393
50,9394
14,9395
49,9396
48,9397
44,9398
24,9399
16,9400
31,9401
15,9402
14,9403
19,9404
31,9405
43,9406
40,9407
42,9408
29,9409
37,9410
16,9411
39,9412
34,9413
42,9414
29,9415
38,9416
33,9417
45,9418
21,9419
32,9420
21,9421
50,9422
46,9423
25,9424
6,9425
10,9426
19,9427
43,9428
47,9429
37,9430
13,9431
34,9432
46,9433
27,9434
45,9435
50,9436
48,9437
4,9438
48,9439
17,9440
17,9441
9,9442
41,9443
14,9444
3,9445
19,9446
16,9447
6,9448
34,9449
1,9450
30,9451
11,9452
40,9453
33,9454
41,9455
39,9456
9,9457
1,9458
38,9459
9,9460
16,9461
46,9462
31,9463
34,9464
33,9465
50,9466
26,9467
18,9468
38,9469
44,9470
40,9471
32,9472
36,9473
28,9474
28,9475
50,9476
7,9477
14,9478
9,9479
21,9480
6,9481
10,9482
9,9483
35,9484
2,9485
2,9486
44,9487
44,9488
1,9489
18,9490
49,9491
21,9492
14,9493
26,9494
16,9495
49,9496
3,9497
50,9498
4,9499
32,9500
3,9501
31,9502
26,9503
20,9504
50,9505
50,9506
38,9507
21,9508
18,9509
47,9510
41,9511
8,9512
7,9513
30,9514
46,9515
16,9516
9,9517
24,9518
43,9519
11,9520
20,9521
43,9522
3,9523
17,9524
10,9525
46,9526
23,9527
9,9528
14,9529
31,9530
37,9531
35,9532
13,9533
34,9534
28,9535
47,9536
8,9537
35,9538
36,9539
36,9540
5,9541
31,9542
6,9543
2,9544
24,9545
47,9546
29,9547
36,9548
34,9549
24,9550
8,9551
39,9552
27,9553
30,9554
7,9555
42,9556
12,9557
16,9558
37,9559
27,9560
5,9561
50,9562
47,9563
26,9564
13,9565
23,9566
45,9567
16,9568
9,9569
24,9570
29,9571
19,9572
38,9573
46,9574
21,9575
13,9576
14,9577
18,9578
24,9579
33,9580
38,9581
10,9582
7,9583
43,9584
25,9585
48,9586
34,9587
25,9588
24,9589
9,9590
6,9591
49,9592
9,9593
26,9594
18,9595
16,9596
17,9597
30,9598
38,9599
48,9600
3,9601
16,9602
17,9603
39,9604
7,9605
31,9606
48,9607
23,9608
20,9609
32,9610
26,9611
12,9612
25,9613
8,9614
22,9615
38,9616
4,9617
37,9618
11,9619
37,9620
23,9621
6,9622
21,9623
9,9624
35,9625
26,9626
22,9627
15,9628
31,9629
30,9630
3,9631
39,9632
49,9633
22,9634
9,9635
32,9636
20,9637
47,9638
47,9639
47,9640
45,9641
25,9642
25,9643
41,9644
18,9645
50,9646
35,9647
31,9648
31,9649
41,9650
31,9651
15,9652
35,9653
49,9654
17,9655
22,9656
36,9657
14,9658
10,9659
3,9660
27,9661
8,9662
49,9663
1,9664
22,9665
1,9666
22,9667
6,9668
10,9669
16,9670
46,9671
29,9672
18,9673
1,9674
45,9675
18,9676
37,9677
15,9678
29,9679
44,9680
39,9681
23,9682
22,9683
37,9684
3,9685
6,9686
43,9687
37,9688
36,9689
6,9690
47,9691
32,9692
2,9693
19,9694
44,9695
6,9696
24,9697
8,9698
3,9699
3,9700
4,9701
17,9702
33,9703
41,9704
17,9705
19,9706
18,9707
42,9708
40,9709
43,9710
3,9711
34,9712
38,9713
12,9714
29,9715
42,9716
14,9717
3,9718
20,9719
24,9720
49,9721
45,9722
15,9723
45,9724
22,9725
33,9726
16,9727
39,9728
36,9729
24,9730
36,9731
47,9732
34,9733
6,9734
14,9735
40,9736
14,9737
41,9738
34,9739
27,9740
42,9741
45,9742
46,9743
22,9744
36,9745
43,9746
8,9747
35,9748
49,9749
8,9750
5,9751
18,9752
1,9753
45,9754
11,9755
17,9756
1,9757
9,9758
22,9759
21,9760
50,9761
24,9762
45,9763
27,9764
39,9765
15,9766
34,9767
50,9768
46,9769
3,9770
13,9771
18,9772
12,9773
33,9774
32,9775
36,9776
15,9777
3,9778
24,9779
15,9780
43,9781
25,9782
38,9783
12,9784
9,9785
46,9786
15,9787
27,9788
22,9789
32,9790
17,9791
43,9792
36,9793
4,9794
28,9795
3,9796
22,9797
31,9798
28,9799
20,9800
15,9801
37,9802
33,9803
31,9804
25,9805
32,9806
16,9807
9,9808
36,9809
38,9810
26,9811
31,9812
14,9813
25,9814
42,9815
45,9816
39,9817
31,9818
14,9819
7,9820
21,9821
36,9822
32,9823
29,9824
29,9825
18,9826
20,9827
44,9828
33,9829
16,9830
40,9831
9,9832
1,9833
33,9834
26,9835
31,9836
4,9837
9,9838
2,9839
13,9840
16,9841
35,9842
5,9843
45,9844
26,9845
20,9846
18,9847
21,9848
30,9849
19,9850
17,9851
15,9852
8,9853
39,9854
19,9855
27,9856
18,9857
49,9858
30,9859
50,9860
10,9861
8,9862
49,9863
29,9864
20,9865
8,9866
7,9867
33,9868
8,9869
41,9870
22,9871
7,9872
43,9873
2,9874
8,9875
48,9876
13,9877
2,9878
18,9879
40,9880
29,9881
20,9882
35,9883
14,9884
41,9885
6,9886
37,9887
41,9888
3,9889
12,9890
16,9891
14,9892
2,9893
47,9894
34,9895
13,9896
40,9897
35,9898
7,9899
20,9900
14,9901
47,9902
27,9903
7,9904
21,9905
4,9906
46,9907
22,9908
22,9909
7,9910
18,9911
26,9912
41,9913
31,9914
28,9915
15,9916
16,9917
6,9918
18,9919
6,9920
26,9921
6,9922
25,9923
28,9924
27,9925
29,9926
11,9927
20,9928
21,9929
49,9930
31,9931
26,9932
6,9933
19,9934
1,9935
33,9936
12,9937
3,9938
22,9939
43,9940
4,9941
49,9942
4,9943
17,9944
46,9945
6,9946
25,9947
17,9948
39,9949
26,9950
29,9951
1,9952
42,9953
28,9954
17,9955
4,9956
28,9957
32,9958
49,9959
2,9960
23,9961
37,9962
20,9963
6,9964
47,9965
17,9966
41,9967
39,9968
50,9969
17,9970
31,9971
15,9972
23,9973
31,9974
33,9975
28,9976
8,9977
25,9978
3,9979
50,9980
44,9981
27,9982
49,9983
7,9984
14,9985
26,9986
28,9987
3,9988
30,9989
8,9990
30,9991
50,9992
23,9993
26,9994
37,9995
14,9996
23,9997
2,9998
9,9999
50,10000
