7,1
24,2
14,3
1,4
8,5
8,6
44,7
26,8
36,9
22,10
49,11
35,12
47,13
9,14
11,15
28,16
10,17
20,18
40,19
23,20
2,21
49,22
18,23
18,24
11,25
24,26
46,27
40,28
35,29
33,30
44,31
12,32
34,33
2,34
14,35
3,36
4,37
7,38
38,39
5,40
8,41
27,42
47,43
23,44
9,45
11,46
15,47
39,48
40,49
37,50
4,51
36,52
10,53
49,54
7,55
4,56
16,57
47,58
18,59
1,60
18,61
45,62
3,63
5,64
50,65
40,66
41,67
10,68
20,69
27,70
22,71
29,72
40,73
4,74
49,75
12,76
5,77
13,78
6,79
16,80
44,81
2,82
10,83
42,84
33,85
12,86
6,87
23,88
10,89
23,90
27,91
13,92
8,93
49,94
45,95
11,96
16,97
12,98
33,99
29,100
21,101
1,102
45,103
42,104
1,105
23,106
5,107
2,108
45,109
1,110
29,111
33,112
6,113
49,114
48,115
3,116
6,117
49,118
5,119
4,120
44,121
22,122
8,123
27,124
4,125
12,126
42,127
2,128
50,129
35,130
18,131
7,132
47,133
17,134
18,135
9,136
37,137
10,138
39,139
19,140
24,141
5,142
39,143
31,144
15,145
32,146
11,147
13,148
25,149
12,150
33,151
27,152
46,153
9,154
6,155
3,156
24,157
37,158
22,159
19,160
4,161
33,162
17,163
8,164
40,165
42,166
45,167
25,168
8,169
9,170
7,171
26,172
4,173
36,174
13,175
39,176
11,177
43,178
48,179
9,180
20,181
18,182
29,183
5,184
11,185
47,186
8,187
37,188
43,189
23,190
41,191
25,192
46,193
22,194
34,195
1,196
42,197
19,198
26,199
17,200
37,201
31,202
20,203
12,204
25,205
6,206
32,207
18,208
43,209
3,210
8,211
20,212
46,213
9,214
11,215
43,216
8,217
29,218
48,219
18,220
7,221
11,222
18,223
10,224
4,225
10,226
50,227
8,228
49,229
43,230
34,231
1,232
7,233
49,234
8,235
23,236
2,237
42,238
8,239
31,240
11,241
23,242
3,243
12,244
48,245
33,246
9,247
13,248
4,249
37,250
27,251
3,252
20,253
48,254
5,255
49,256
43,257
7,258
38,259
39,260
6,261
19,262
45,263
29,264
20,265
49,266
45,267
36,268
35,269
19,270
50,271
4,272
34,273
10,274
22,275
33,276
12,277
30,278
24,279
1,280
16,281
2,282
17,283
3,284
28,285
39,286
4,287
8,288
22,289
4,290
5,291
29,292
48,293
15,294
7,295
4,296
10,297
26,298
13,299
6,300
46,301
32,302
19,303
45,304
19,305
41,306
14,307
11,308
46,309
8,310
26,311
12,312
33,313
35,314
25,315
1,316
45,317
33,318
41,319
4,320
41,321
33,322
46,323
2,324
21,325
28,326
1,327
35,328
14,329
30,330
30,331
44,332
13,333
4,334
39,335
29,336
47,337
2,338
22,339
46,340
48,341
36,342
43,343
27,344
9,345
23,346
10,347
42,348
11,349
28,350
21,351
20,352
1,353
4,354
13,355
27,356
31,357
12,358
45,359
3,360
20,361
2,362
13,363
6,364
15,365
50,366
6,367
31,368
30,369
2,370
47,371
17,372
37,373
3,374
46,375
46,376
7,377
17,378
21,379
23,380
18,381
19,382
2,383
6,384
34,385
17,386
4,387
44,388
25,389
15,390
3,391
40,392
8,393
17,394
32,395
5,396
36,397
9,398
33,399
10,400
33,401
13,402
11,403
28,404
45,405
22,406
29,407
12,408
47,409
11,410
4,411
8,412
27,413
9,414
1,415
17,416
43,417
38,418
47,419
40,420
17,421
36,422
6,423
10,424
7,425
12,426
2,427
43,428
17,429
50,430
39,431
8,432
15,433
1,434
28,435
7,436
29,437
5,438
4,439
16,440
7,441
26,442
32,443
35,444
3,445
6,446
43,447
9,448
8,449
14,450
7,451
39,452
4,453
2,454
47,455
12,456
17,457
30,458
2,459
28,460
2,461
2,462
16,463
3,464
46,465
8,466
46,467
14,468
4,469
21,470
3,471
13,472
2,473
31,474
42,475
49,476
32,477
9,478
45,479
14,480
1,481
49,482
13,483
15,484
26,485
26,486
34,487
2,488
22,489
50,490
10,491
50,492
7,493
41,494
11,495
20,496
12,497
20,498
41,499
40,500
38,501
43,502
15,503
2,504
35,505
9,506
40,507
44,508
18,509
33,510
16,511
2,512
48,513
15,514
3,515
5,516
28,517
18,518
13,519
41,520
40,521
7,522
38,523
1,524
32,525
12,526
4,527
38,528
7,529
2,530
12,531
8,532
45,533
5,534
37,535
17,536
7,537
40,538
33,539
6,540
19,541
5,542
8,543
27,544
12,545
2,546
16,547
38,548
31,549
7,550
25,551
37,552
43,553
44,554
46,555
8,556
40,557
48,558
36,559
24,560
35,561
9,562
9,563
22,564
37,565
7,566
42,567
40,568
47,569
35,570
28,571
15,572
48,573
33,574
17,575
23,576
34,577
46,578
19,579
24,580
11,581
8,582
10,583
24,584
1,585
24,586
2,587
24,588
8,589
28,590
19,591
7,592
9,593
8,594
39,595
21,596
33,597
28,598
3,599
46,600
7,601
45,602
22,603
32,604
49,605
4,606
9,607
10,608
43,609
1,610
20,611
5,612
19,613
26,614
1,615
8,616
43,617
16,618
49,619
20,620
4,621
9,622
10,623
1,624
32,625
45,626
10,627
37,628
46,629
28,630
2,631
27,632
20,633
14,634
21,635
44,636
26,637
3,638
47,639
43,640
11,641
36,642
49,643
1,644
6,645
2,646
33,647
6,648
41,649
4,650
3,651
50,652
45,653
48,654
11,655
48,656
7,657
37,658
20,659
8,660
24,661
3,662
34,663
48,664
37,665
26,666
9,667
37,668
26,669
12,670
8,671
12,672
16,673
32,674
14,675
46,676
46,677
4,678
41,679
49,680
45,681
27,682
9,683
39,684
2,685
4,686
31,687
7,688
27,689
36,690
19,691
30,692
8,693
4,694
10,695
4,696
7,697
3,698
2,699
39,700
40,701
1,702
11,703
10,704
9,705
35,706
36,707
48,708
7,709
34,710
5,711
41,712
50,713
37,714
41,715
35,716
6,717
3,718
12,719
38,720
23,721
3,722
8,723
50,724
8,725
15,726
16,727
7,728
34,729
2,730
23,731
30,732
8,733
36,734
48,735
11,736
50,737
1,738
33,739
18,740
15,741
19,742
2,743
20,744
50,745
41,746
45,747
6,748
7,749
41,750
13,751
20,752
49,753
1,754
21,755
25,756
7,757
21,758
44,759
42,760
1,761
9,762
40,763
29,764
10,765
12,766
8,767
38,768
2,769
9,770
29,771
34,772
9,773
31,774
10,775
47,776
23,777
11,778
32,779
13,780
19,781
1,782
42,783
2,784
46,785
17,786
7,787
32,788
12,789
40,790
30,791
1,792
26,793
2,794
1,795
46,796
29,797
8,798
36,799
39,800
36,801
37,802
36,803
44,804
3,805
1,806
34,807
46,808
31,809
44,810
3,811
7,812
11,813
13,814
32,815
2,816
12,817
6,818
37,819
8,820
30,821
28,822
13,823
3,824
43,825
14,826
6,827
4,828
10,829
27,830
9,831
49,832
7,833
44,834
38,835
5,836
46,837
14,838
5,839
17,840
10,841
50,842
46,843
2,844
23,845
25,846
20,847
6,848
47,849
42,850
25,851
46,852
33,853
21,854
2,855
30,856
18,857
2,858
38,859
9,860
42,861
10,862
30,863
49,864
41,865
35,866
25,867
35,868
1,869
21,870
2,871
23,872
6,873
9,874
29,875
39,876
48,877
8,878
26,879
47,880
9,881
27,882
10,883
29,884
10,885
13,886
1,887
45,888
33,889
24,890
41,891
11,892
6,893
34,894
10,895
17,896
6,897
19,898
1,899
26,900
7,901
50,902
3,903
20,904
46,905
4,906
49,907
2,908
49,909
1,910
36,911
38,912
3,913
30,914
37,915
2,916
29,917
2,918
3,919
23,920
1,921
48,922
2,923
6,924
11,925
44,926
8,927
50,928
42,929
32,930
3,931
1,932
6,933
31,934
4,935
1,936
28,937
20,938
3,939
21,940
5,941
28,942
5,943
42,944
10,945
9,946
26,947
5,948
37,949
23,950
46,951
7,952
29,953
38,954
8,955
42,956
27,957
7,958
30,959
5,960
13,961
24,962
10,963
44,964
12,965
34,966
4,967
9,968
50,969
11,970
11,971
32,972
42,973
6,974
14,975
39,976
39,977
13,978
13,979
33,980
15,981
39,982
47,983
11,984
2,985
1,986
43,987
30,988
1,989
14,990
1,991
38,992
44,993
39,994
24,995
40,996
18,997
2,998
50,999
9,1000
20,1001
44,1002
35,1003
1,1004
47,1005
31,1006
11,1007
40,1008
2,1009
12,1010
32,1011
30,1012
10,1013
35,1014
43,1015
19,1016
11,1017
31,1018
22,1019
8,1020
42,1021
3,1022
25,1023
28,1024
45,1025
11,1026
9,1027
18,1028
45,1029
18,1030
7,1031
49,1032
8,1033
5,1034
28,1035
4,1036
13,1037
17,1038
10,1039
50,1040
8,1041
44,1042
7,1043
1,1044
46,1045
23,1046
5,1047
12,1048
19,1049
15,1050
38,1051
9,1052
7,1053
22,1054
22,1055
29,1056
13,1057
6,1058
11,1059
34,1060
41,1061
23,1062
24,1063
23,1064
46,1065
4,1066
25,1067
45,1068
31,1069
15,1070
46,1071
9,1072
9,1073
34,1074
10,1075
16,1076
22,1077
32,1078
45,1079
15,1080
12,1081
13,1082
20,1083
1,1084
47,1085
8,1086
43,1087
28,1088
44,1089
47,1090
2,1091
32,1092
9,1093
10,1094
7,1095
19,1096
34,1097
5,1098
29,1099
11,1100
11,1101
29,1102
9,1103
7,1104
3,1105
11,1106
12,1107
26,1108
17,1109
14,1110
9,1111
7,1112
10,1113
39,1114
50,1115
9,1116
11,1117
6,1118
23,1119
23,1120
7,1121
11,1122
1,1123
21,1124
18,1125
4,1126
44,1127
2,1128
49,1129
36,1130
1,1131
43,1132
19,1133
5,1134
8,1135
11,1136
38,1137
14,1138
41,1139
2,1140
11,1141
1,1142
7,1143
7,1144
38,1145
5,1146
38,1147
2,1148
2,1149
9,1150
9,1151
17,1152
27,1153
42,1154
20,1155
41,1156
20,1157
3,1158
32,1159
9,1160
33,1161
17,1162
5,1163
17,1164
30,1165
41,1166
3,1167
35,1168
6,1169
45,1170
3,1171
8,1172
16,1173
48,1174
23,1175
34,1176
7,1177
24,1178
19,1179
1,1180
15,1181
3,1182
36,1183
10,1184
21,1185
28,1186
2,1187
5,1188
21,1189
7,1190
27,1191
36,1192
1,1193
13,1194
15,1195
28,1196
12,1197
33,1198
20,1199
1,1200
3,1201
9,1202
8,1203
43,1204
6,1205
1,1206
35,1207
37,1208
20,1209
4,1210
13,1211
10,1212
7,1213
44,1214
12,1215
41,1216
2,1217
39,1218
24,1219
35,1220
5,1221
5,1222
23,1223
10,1224
15,1225
11,1226
28,1227
32,1228
45,1229
31,1230
12,1231
9,1232
33,1233
8,1234
15,1235
2,1236
32,1237
22,1238
16,1239
43,1240
14,1241
20,1242
15,1243
6,1244
9,1245
35,1246
9,1247
13,1248
12,1249
4,1250
11,1251
31,1252
48,1253
10,1254
34,1255
49,1256
7,1257
1,1258
2,1259
38,1260
2,1261
43,1262
3,1263
30,1264
44,1265
1,1266
49,1267
12,1268
20,1269
46,1270
48,1271
10,1272
17,1273
5,1274
46,1275
4,1276
29,1277
41,1278
7,1279
4,1280
37,1281
12,1282
35,1283
21,1284
4,1285
13,1286
14,1287
31,1288
17,1289
13,1290
5,1291
46,1292
21,1293
8,1294
12,1295
17,1296
2,1297
33,1298
31,1299
1,1300
8,1301
6,1302
49,1303
21,1304
29,1305
8,1306
29,1307
35,1308
27,1309
14,1310
35,1311
20,1312
4,1313
31,1314
45,1315
31,1316
5,1317
9,1318
41,1319
7,1320
35,1321
37,1322
47,1323
39,1324
26,1325
21,1326
3,1327
15,1328
14,1329
17,1330
46,1331
2,1332
45,1333
7,1334
10,1335
15,1336
39,1337
11,1338
14,1339
2,1340
12,1341
41,1342
34,1343
30,1344
37,1345
37,1346
35,1347
43,1348
2,1349
9,1350
8,1351
28,1352
1,1353
31,1354
34,1355
27,1356
33,1357
28,1358
7,1359
7,1360
4,1361
34,1362
2,1363
48,1364
50,1365
18,1366
8,1367
25,1368
45,1369
49,1370
39,1371
39,1372
20,1373
7,1374
38,1375
1,1376
7,1377
31,1378
9,1379
34,1380
42,1381
9,1382
2,1383
8,1384
8,1385
8,1386
3,1387
39,1388
50,1389
2,1390
9,1391
8,1392
44,1393
40,1394
26,1395
20,1396
4,1397
21,1398
8,1399
1,1400
27,1401
7,1402
10,1403
14,1404
10,1405
11,1406
16,1407
4,1408
32,1409
45,1410
5,1411
38,1412
16,1413
2,1414
24,1415
38,1416
7,1417
15,1418
15,1419
25,1420
39,1421
12,1422
17,1423
32,1424
18,1425
20,1426
22,1427
49,1428
25,1429
21,1430
22,1431
49,1432
2,1433
49,1434
4,1435
22,1436
45,1437
47,1438
22,1439
7,1440
21,1441
8,1442
13,1443
29,1444
7,1445
33,1446
2,1447
15,1448
35,1449
14,1450
37,1451
30,1452
7,1453
25,1454
23,1455
40,1456
3,1457
32,1458
28,1459
35,1460
48,1461
5,1462
2,1463
6,1464
4,1465
23,1466
42,1467
32,1468
28,1469
32,1470
5,1471
13,1472
6,1473
49,1474
9,1475
41,1476
14,1477
36,1478
33,1479
24,1480
40,1481
18,1482
18,1483
20,1484
29,1485
8,1486
12,1487
20,1488
28,1489
16,1490
10,1491
20,1492
19,1493
36,1494
45,1495
9,1496
10,1497
26,1498
10,1499
12,1500
1,1501
32,1502
2,1503
13,1504
13,1505
12,1506
1,1507
50,1508
43,1509
16,1510
30,1511
49,1512
40,1513
44,1514
14,1515
25,1516
2,1517
47,1518
34,1519
3,1520
28,1521
23,1522
11,1523
9,1524
45,1525
4,1526
1,1527
1,1528
22,1529
7,1530
17,1531
12,1532
32,1533
25,1534
35,1535
26,1536
5,1537
36,1538
1,1539
28,1540
49,1541
20,1542
7,1543
6,1544
6,1545
3,1546
23,1547
40,1548
7,1549
8,1550
50,1551
23,1552
15,1553
41,1554
47,1555
9,1556
20,1557
10,1558
15,1559
19,1560
28,1561
11,1562
41,1563
22,1564
41,1565
18,1566
2,1567
8,1568
50,1569
21,1570
27,1571
7,1572
2,1573
43,1574
49,1575
7,1576
10,1577
41,1578
15,1579
7,1580
24,1581
6,1582
2,1583
7,1584
27,1585
19,1586
3,1587
17,1588
12,1589
17,1590
20,1591
50,1592
34,1593
12,1594
1,1595
24,1596
8,1597
35,1598
4,1599
12,1600
44,1601
14,1602
21,1603
5,1604
41,1605
13,1606
44,1607
14,1608
28,1609
18,1610
31,1611
28,1612
26,1613
7,1614
27,1615
6,1616
40,1617
32,1618
32,1619
24,1620
44,1621
26,1622
38,1623
35,1624
2,1625
10,1626
8,1627
11,1628
30,1629
30,1630
50,1631
6,1632
13,1633
41,1634
35,1635
30,1636
7,1637
4,1638
16,1639
15,1640
34,1641
8,1642
5,1643
20,1644
7,1645
42,1646
26,1647
8,1648
1,1649
10,1650
32,1651
36,1652
25,1653
9,1654
4,1655
6,1656
31,1657
17,1658
45,1659
15,1660
1,1661
36,1662
24,1663
40,1664
3,1665
26,1666
10,1667
38,1668
44,1669
39,1670
29,1671
12,1672
46,1673
7,1674
37,1675
8,1676
42,1677
40,1678
11,1679
16,1680
12,1681
43,1682
28,1683
49,1684
16,1685
34,1686
8,1687
37,1688
17,1689
3,1690
8,1691
2,1692
19,1693
7,1694
50,1695
30,1696
9,1697
2,1698
35,1699
27,1700
34,1701
40,1702
44,1703
46,1704
36,1705
1,1706
22,1707
10,1708
40,1709
3,1710
11,1711
6,1712
29,1713
18,1714
27,1715
6,1716
4,1717
3,1718
30,1719
22,1720
3,1721
17,1722
8,1723
26,1724
19,1725
19,1726
2,1727
23,1728
42,1729
22,1730
33,1731
2,1732
4,1733
30,1734
39,1735
31,1736
15,1737
21,1738
2,1739
8,1740
12,1741
14,1742
49,1743
31,1744
4,1745
46,1746
12,1747
16,1748
17,1749
40,1750
16,1751
47,1752
4,1753
44,1754
10,1755
12,1756
41,1757
1,1758
25,1759
5,1760
21,1761
16,1762
3,1763
2,1764
43,1765
38,1766
15,1767
4,1768
15,1769
47,1770
9,1771
43,1772
2,1773
43,1774
18,1775
43,1776
46,1777
49,1778
30,1779
43,1780
24,1781
34,1782
49,1783
41,1784
15,1785
23,1786
3,1787
8,1788
25,1789
2,1790
8,1791
4,1792
23,1793
35,1794
10,1795
32,1796
5,1797
7,1798
49,1799
2,1800
17,1801
36,1802
3,1803
17,1804
22,1805
38,1806
31,1807
7,1808
25,1809
18,1810
43,1811
44,1812
7,1813
11,1814
19,1815
8,1816
1,1817
1,1818
19,1819
44,1820
6,1821
2,1822
33,1823
26,1824
11,1825
47,1826
20,1827
6,1828
5,1829
7,1830
8,1831
8,1832
31,1833
15,1834
9,1835
3,1836
37,1837
28,1838
46,1839
11,1840
10,1841
33,1842
1,1843
30,1844
16,1845
25,1846
36,1847
16,1848
12,1849
35,1850
31,1851
35,1852
47,1853
14,1854
9,1855
14,1856
16,1857
2,1858
14,1859
1,1860
30,1861
44,1862
7,1863
40,1864
11,1865
43,1866
37,1867
10,1868
35,1869
28,1870
46,1871
37,1872
13,1873
22,1874
41,1875
6,1876
2,1877
3,1878
3,1879
4,1880
39,1881
42,1882
16,1883
14,1884
10,1885
17,1886
2,1887
50,1888
36,1889
42,1890
30,1891
42,1892
44,1893
3,1894
40,1895
8,1896
39,1897
26,1898
4,1899
1,1900
24,1901
33,1902
19,1903
1,1904
7,1905
19,1906
27,1907
39,1908
5,1909
3,1910
26,1911
43,1912
29,1913
1,1914
20,1915
5,1916
14,1917
6,1918
6,1919
29,1920
45,1921
24,1922
8,1923
26,1924
9,1925
9,1926
12,1927
45,1928
31,1929
43,1930
8,1931
33,1932
4,1933
8,1934
46,1935
21,1936
21,1937
31,1938
34,1939
45,1940
20,1941
26,1942
35,1943
35,1944
20,1945
10,1946
34,1947
2,1948
16,1949
18,1950
21,1951
43,1952
9,1953
13,1954
49,1955
15,1956
7,1957
30,1958
10,1959
34,1960
1,1961
41,1962
8,1963
9,1964
7,1965
21,1966
18,1967
3,1968
38,1969
46,1970
11,1971
12,1972
31,1973
9,1974
33,1975
36,1976
40,1977
2,1978
18,1979
44,1980
26,1981
15,1982
21,1983
42,1984
10,1985
17,1986
12,1987
25,1988
27,1989
50,1990
3,1991
11,1992
34,1993
1,1994
35,1995
49,1996
2,1997
47,1998
46,1999
12,2000
26,2001
7,2002
14,2003
11,2004
43,2005
37,2006
34,2007
27,2008
19,2009
14,2010
3,2011
38,2012
49,2013
28,2014
1,2015
1,2016
13,2017
35,2018
2,2019
6,2020
26,2021
32,2022
11,2023
44,2024
42,2025
14,2026
31,2027
18,2028
3,2029
29,2030
8,2031
27,2032
46,2033
48,2034
17,2035
1,2036
2,2037
21,2038
17,2039
2,2040
34,2041
12,2042
37,2043
3,2044
46,2045
19,2046
1,2047
19,2048
47,2049
24,2050
2,2051
35,2052
28,2053
22,2054
23,2055
33,2056
29,2057
36,2058
47,2059
44,2060
47,2061
47,2062
20,2063
45,2064
27,2065
13,2066
13,2067
41,2068
33,2069
16,2070
25,2071
7,2072
28,2073
3,2074
24,2075
4,2076
50,2077
15,2078
2,2079
2,2080
37,2081
2,2082
30,2083
34,2084
2,2085
2,2086
17,2087
40,2088
3,2089
44,2090
7,2091
20,2092
48,2093
45,2094
50,2095
8,2096
25,2097
47,2098
18,2099
11,2100
3,2101
1,2102
12,2103
32,2104
7,2105
33,2106
14,2107
48,2108
8,2109
40,2110
36,2111
5,2112
35,2113
9,2114
6,2115
1,2116
4,2117
18,2118
10,2119
37,2120
7,2121
21,2122
2,2123
17,2124
2,2125
4,2126
17,2127
40,2128
43,2129
48,2130
38,2131
14,2132
45,2133
3,2134
34,2135
37,2136
11,2137
30,2138
12,2139
19,2140
34,2141
30,2142
47,2143
41,2144
3,2145
6,2146
15,2147
32,2148
17,2149
8,2150
20,2151
29,2152
8,2153
40,2154
2,2155
7,2156
42,2157
1,2158
40,2159
2,2160
24,2161
14,2162
8,2163
37,2164
32,2165
3,2166
38,2167
2,2168
7,2169
47,2170
24,2171
37,2172
2,2173
28,2174
9,2175
4,2176
25,2177
8,2178
45,2179
48,2180
7,2181
45,2182
7,2183
19,2184
9,2185
31,2186
19,2187
3,2188
15,2189
38,2190
9,2191
26,2192
43,2193
13,2194
3,2195
4,2196
13,2197
44,2198
46,2199
41,2200
9,2201
8,2202
6,2203
38,2204
5,2205
35,2206
7,2207
6,2208
30,2209
29,2210
8,2211
19,2212
11,2213
36,2214
7,2215
39,2216
14,2217
26,2218
10,2219
19,2220
4,2221
29,2222
18,2223
11,2224
1,2225
4,2226
2,2227
1,2228
20,2229
5,2230
28,2231
14,2232
17,2233
12,2234
46,2235
31,2236
7,2237
36,2238
37,2239
6,2240
24,2241
24,2242
19,2243
32,2244
39,2245
19,2246
8,2247
30,2248
14,2249
6,2250
10,2251
37,2252
26,2253
9,2254
8,2255
17,2256
31,2257
8,2258
18,2259
17,2260
8,2261
31,2262
29,2263
23,2264
19,2265
23,2266
22,2267
18,2268
7,2269
27,2270
2,2271
9,2272
1,2273
34,2274
8,2275
46,2276
20,2277
2,2278
29,2279
34,2280
3,2281
29,2282
9,2283
31,2284
26,2285
24,2286
1,2287
18,2288
18,2289
10,2290
37,2291
11,2292
33,2293
7,2294
36,2295
12,2296
8,2297
45,2298
47,2299
16,2300
48,2301
45,2302
12,2303
48,2304
6,2305
11,2306
47,2307
28,2308
21,2309
2,2310
8,2311
7,2312
43,2313
29,2314
26,2315
13,2316
6,2317
3,2318
49,2319
46,2320
38,2321
14,2322
9,2323
43,2324
34,2325
10,2326
42,2327
1,2328
2,2329
2,2330
11,2331
24,2332
1,2333
30,2334
8,2335
50,2336
49,2337
14,2338
41,2339
14,2340
38,2341
8,2342
45,2343
7,2344
34,2345
30,2346
44,2347
9,2348
21,2349
2,2350
4,2351
1,2352
3,2353
46,2354
1,2355
6,2356
2,2357
17,2358
46,2359
4,2360
1,2361
15,2362
45,2363
3,2364
50,2365
43,2366
5,2367
50,2368
15,2369
34,2370
19,2371
6,2372
30,2373
34,2374
29,2375
27,2376
20,2377
31,2378
48,2379
17,2380
24,2381
22,2382
37,2383
1,2384
13,2385
6,2386
50,2387
10,2388
38,2389
3,2390
12,2391
7,2392
2,2393
35,2394
8,2395
1,2396
20,2397
10,2398
28,2399
31,2400
44,2401
22,2402
24,2403
46,2404
8,2405
2,2406
18,2407
4,2408
3,2409
14,2410
1,2411
46,2412
18,2413
36,2414
30,2415
11,2416
19,2417
42,2418
2,2419
28,2420
40,2421
15,2422
33,2423
28,2424
18,2425
1,2426
3,2427
33,2428
4,2429
12,2430
34,2431
8,2432
16,2433
2,2434
44,2435
10,2436
41,2437
30,2438
31,2439
15,2440
2,2441
16,2442
34,2443
7,2444
44,2445
27,2446
41,2447
14,2448
9,2449
17,2450
4,2451
1,2452
22,2453
5,2454
8,2455
35,2456
30,2457
3,2458
41,2459
36,2460
37,2461
10,2462
15,2463
41,2464
16,2465
31,2466
9,2467
18,2468
14,2469
49,2470
10,2471
49,2472
7,2473
16,2474
11,2475
37,2476
5,2477
4,2478
18,2479
2,2480
27,2481
3,2482
48,2483
20,2484
25,2485
5,2486
33,2487
3,2488
3,2489
31,2490
11,2491
6,2492
28,2493
12,2494
15,2495
34,2496
4,2497
1,2498
17,2499
9,2500
20,2501
44,2502
36,2503
27,2504
46,2505
9,2506
6,2507
23,2508
15,2509
31,2510
19,2511
12,2512
32,2513
7,2514
27,2515
16,2516
49,2517
9,2518
4,2519
32,2520
35,2521
29,2522
8,2523
5,2524
24,2525
14,2526
50,2527
8,2528
43,2529
11,2530
20,2531
9,2532
13,2533
7,2534
31,2535
20,2536
7,2537
34,2538
32,2539
10,2540
23,2541
38,2542
35,2543
8,2544
11,2545
1,2546
8,2547
24,2548
23,2549
47,2550
30,2551
45,2552
50,2553
38,2554
6,2555
17,2556
11,2557
46,2558
7,2559
45,2560
9,2561
42,2562
10,2563
6,2564
29,2565
4,2566
19,2567
12,2568
30,2569
46,2570
14,2571
1,2572
47,2573
47,2574
2,2575
41,2576
29,2577
3,2578
18,2579
1,2580
15,2581
49,2582
46,2583
10,2584
11,2585
10,2586
25,2587
12,2588
5,2589
32,2590
48,2591
4,2592
19,2593
4,2594
46,2595
39,2596
1,2597
23,2598
20,2599
12,2600
18,2601
2,2602
13,2603
41,2604
7,2605
20,2606
50,2607
35,2608
3,2609
16,2610
35,2611
12,2612
29,2613
3,2614
18,2615
29,2616
49,2617
4,2618
48,2619
7,2620
22,2621
26,2622
1,2623
17,2624
2,2625
44,2626
12,2627
21,2628
31,2629
12,2630
5,2631
2,2632
1,2633
30,2634
8,2635
34,2636
15,2637
48,2638
15,2639
1,2640
37,2641
3,2642
6,2643
7,2644
32,2645
12,2646
9,2647
18,2648
4,2649
38,2650
8,2651
40,2652
40,2653
2,2654
13,2655
8,2656
28,2657
10,2658
21,2659
32,2660
50,2661
12,2662
44,2663
24,2664
29,2665
18,2666
3,2667
7,2668
18,2669
1,2670
3,2671
30,2672
19,2673
21,2674
47,2675
21,2676
48,2677
30,2678
43,2679
5,2680
26,2681
41,2682
11,2683
11,2684
4,2685
49,2686
25,2687
9,2688
3,2689
3,2690
10,2691
4,2692
43,2693
28,2694
5,2695
22,2696
12,2697
42,2698
12,2699
38,2700
50,2701
20,2702
7,2703
31,2704
50,2705
23,2706
6,2707
4,2708
6,2709
1,2710
35,2711
7,2712
29,2713
41,2714
32,2715
22,2716
7,2717
34,2718
2,2719
3,2720
49,2721
18,2722
8,2723
18,2724
48,2725
15,2726
5,2727
24,2728
7,2729
31,2730
1,2731
8,2732
8,2733
39,2734
50,2735
16,2736
6,2737
8,2738
3,2739
25,2740
22,2741
41,2742
47,2743
14,2744
41,2745
48,2746
30,2747
9,2748
18,2749
37,2750
49,2751
7,2752
4,2753
8,2754
13,2755
2,2756
6,2757
3,2758
35,2759
1,2760
1,2761
15,2762
16,2763
38,2764
47,2765
33,2766
16,2767
48,2768
3,2769
46,2770
11,2771
39,2772
19,2773
11,2774
15,2775
2,2776
37,2777
21,2778
19,2779
9,2780
48,2781
24,2782
12,2783
11,2784
1,2785
17,2786
48,2787
4,2788
32,2789
31,2790
48,2791
45,2792
43,2793
32,2794
5,2795
31,2796
18,2797
17,2798
49,2799
7,2800
29,2801
2,2802
19,2803
3,2804
34,2805
4,2806
44,2807
22,2808
13,2809
37,2810
39,2811
1,2812
16,2813
5,2814
6,2815
8,2816
5,2817
15,2818
37,2819
6,2820
6,2821
14,2822
9,2823
21,2824
30,2825
6,2826
4,2827
2,2828
36,2829
10,2830
40,2831
10,2832
13,2833
11,2834
20,2835
28,2836
12,2837
17,2838
22,2839
16,2840
33,2841
46,2842
26,2843
40,2844
7,2845
21,2846
6,2847
37,2848
27,2849
8,2850
9,2851
6,2852
17,2853
22,2854
22,2855
34,2856
43,2857
6,2858
49,2859
2,2860
20,2861
44,2862
22,2863
12,2864
13,2865
32,2866
3,2867
1,2868
46,2869
6,2870
38,2871
31,2872
11,2873
48,2874
37,2875
10,2876
9,2877
32,2878
12,2879
2,2880
21,2881
11,2882
3,2883
35,2884
30,2885
32,2886
5,2887
3,2888
41,2889
7,2890
41,2891
1,2892
47,2893
10,2894
15,2895
27,2896
7,2897
4,2898
7,2899
11,2900
25,2901
32,2902
4,2903
12,2904
8,2905
24,2906
12,2907
29,2908
14,2909
47,2910
46,2911
9,2912
30,2913
5,2914
45,2915
17,2916
2,2917
41,2918
2,2919
44,2920
40,2921
6,2922
34,2923
16,2924
9,2925
4,2926
25,2927
6,2928
19,2929
36,2930
5,2931
8,2932
5,2933
9,2934
27,2935
39,2936
36,2937
7,2938
12,2939
24,2940
9,2941
19,2942
8,2943
7,2944
5,2945
10,2946
8,2947
11,2948
1,2949
8,2950
12,2951
18,2952
33,2953
6,2954
42,2955
47,2956
44,2957
4,2958
7,2959
8,2960
17,2961
6,2962
2,2963
26,2964
5,2965
18,2966
11,2967
9,2968
20,2969
28,2970
7,2971
14,2972
16,2973
4,2974
20,2975
1,2976
36,2977
36,2978
36,2979
35,2980
47,2981
2,2982
21,2983
28,2984
34,2985
10,2986
1,2987
1,2988
42,2989
8,2990
3,2991
27,2992
34,2993
11,2994
44,2995
20,2996
2,2997
47,2998
2,2999
22,3000
4,3001
13,3002
3,3003
38,3004
2,3005
5,3006
12,3007
17,3008
4,3009
13,3010
44,3011
23,3012
30,3013
15,3014
12,3015
5,3016
22,3017
39,3018
6,3019
25,3020
37,3021
43,3022
23,3023
30,3024
7,3025
40,3026
4,3027
39,3028
5,3029
46,3030
8,3031
41,3032
35,3033
15,3034
7,3035
20,3036
47,3037
6,3038
34,3039
19,3040
12,3041
29,3042
5,3043
16,3044
9,3045
29,3046
25,3047
7,3048
7,3049
8,3050
4,3051
10,3052
10,3053
50,3054
11,3055
42,3056
44,3057
29,3058
18,3059
28,3060
27,3061
13,3062
11,3063
42,3064
17,3065
20,3066
39,3067
46,3068
45,3069
31,3070
1,3071
8,3072
34,3073
3,3074
24,3075
41,3076
48,3077
40,3078
11,3079
1,3080
5,3081
17,3082
29,3083
44,3084
2,3085
4,3086
35,3087
1,3088
22,3089
41,3090
9,3091
17,3092
2,3093
17,3094
43,3095
7,3096
40,3097
16,3098
8,3099
5,3100
7,3101
6,3102
9,3103
25,3104
3,3105
38,3106
19,3107
10,3108
33,3109
33,3110
12,3111
28,3112
1,3113
3,3114
2,3115
22,3116
36,3117
4,3118
34,3119
15,3120
35,3121
16,3122
3,3123
2,3124
10,3125
46,3126
3,3127
19,3128
5,3129
12,3130
35,3131
42,3132
17,3133
11,3134
21,3135
23,3136
1,3137
35,3138
8,3139
38,3140
43,3141
30,3142
2,3143
15,3144
1,3145
45,3146
26,3147
20,3148
4,3149
33,3150
44,3151
34,3152
2,3153
46,3154
7,3155
12,3156
8,3157
10,3158
1,3159
4,3160
12,3161
25,3162
46,3163
1,3164
44,3165
45,3166
18,3167
26,3168
3,3169
6,3170
4,3171
50,3172
36,3173
5,3174
48,3175
45,3176
6,3177
49,3178
37,3179
45,3180
2,3181
37,3182
43,3183
14,3184
7,3185
8,3186
14,3187
7,3188
32,3189
30,3190
8,3191
31,3192
45,3193
4,3194
3,3195
12,3196
45,3197
1,3198
44,3199
27,3200
4,3201
36,3202
5,3203
35,3204
49,3205
2,3206
31,3207
1,3208
7,3209
42,3210
34,3211
22,3212
11,3213
39,3214
7,3215
30,3216
43,3217
3,3218
31,3219
1,3220
12,3221
8,3222
16,3223
28,3224
3,3225
16,3226
7,3227
36,3228
44,3229
25,3230
6,3231
7,3232
30,3233
1,3234
37,3235
24,3236
37,3237
46,3238
46,3239
6,3240
11,3241
22,3242
39,3243
8,3244
42,3245
7,3246
13,3247
34,3248
20,3249
7,3250
34,3251
8,3252
34,3253
36,3254
7,3255
50,3256
28,3257
44,3258
19,3259
3,3260
46,3261
10,3262
21,3263
15,3264
9,3265
41,3266
46,3267
28,3268
50,3269
48,3270
2,3271
45,3272
49,3273
3,3274
49,3275
4,3276
8,3277
16,3278
43,3279
46,3280
28,3281
50,3282
45,3283
35,3284
39,3285
3,3286
49,3287
36,3288
10,3289
3,3290
1,3291
46,3292
7,3293
5,3294
4,3295
30,3296
9,3297
37,3298
8,3299
12,3300
9,3301
9,3302
5,3303
34,3304
28,3305
9,3306
38,3307
7,3308
11,3309
24,3310
5,3311
40,3312
8,3313
17,3314
42,3315
45,3316
20,3317
7,3318
33,3319
34,3320
30,3321
10,3322
26,3323
12,3324
44,3325
43,3326
42,3327
10,3328
24,3329
47,3330
10,3331
2,3332
40,3333
31,3334
8,3335
48,3336
5,3337
3,3338
11,3339
36,3340
11,3341
16,3342
33,3343
9,3344
32,3345
8,3346
12,3347
1,3348
38,3349
11,3350
11,3351
4,3352
31,3353
22,3354
10,3355
10,3356
14,3357
4,3358
44,3359
11,3360
38,3361
11,3362
38,3363
18,3364
28,3365
12,3366
4,3367
6,3368
46,3369
21,3370
38,3371
47,3372
26,3373
10,3374
35,3375
36,3376
2,3377
3,3378
6,3379
22,3380
42,3381
30,3382
33,3383
5,3384
2,3385
23,3386
1,3387
2,3388
23,3389
35,3390
7,3391
8,3392
8,3393
26,3394
34,3395
7,3396
26,3397
2,3398
3,3399
21,3400
2,3401
15,3402
50,3403
48,3404
18,3405
6,3406
19,3407
32,3408
34,3409
31,3410
8,3411
9,3412
34,3413
47,3414
8,3415
32,3416
1,3417
29,3418
10,3419
43,3420
41,3421
46,3422
8,3423
18,3424
2,3425
32,3426
1,3427
49,3428
30,3429
2,3430
28,3431
4,3432
12,3433
5,3434
7,3435
4,3436
41,3437
41,3438
43,3439
26,3440
3,3441
39,3442
33,3443
50,3444
28,3445
42,3446
4,3447
17,3448
9,3449
15,3450
5,3451
12,3452
10,3453
33,3454
32,3455
14,3456
47,3457
6,3458
28,3459
28,3460
11,3461
29,3462
8,3463
48,3464
31,3465
5,3466
7,3467
33,3468
28,3469
6,3470
37,3471
4,3472
3,3473
34,3474
8,3475
39,3476
24,3477
2,3478
17,3479
15,3480
7,3481
13,3482
18,3483
40,3484
50,3485
29,3486
7,3487
43,3488
12,3489
39,3490
40,3491
41,3492
15,3493
3,3494
29,3495
18,3496
33,3497
32,3498
18,3499
11,3500
45,3501
32,3502
1,3503
39,3504
4,3505
13,3506
34,3507
35,3508
21,3509
42,3510
2,3511
36,3512
30,3513
5,3514
14,3515
3,3516
33,3517
4,3518
8,3519
39,3520
1,3521
6,3522
9,3523
1,3524
16,3525
4,3526
47,3527
46,3528
1,3529
2,3530
33,3531
5,3532
39,3533
26,3534
9,3535
49,3536
10,3537
50,3538
19,3539
7,3540
36,3541
3,3542
23,3543
11,3544
35,3545
8,3546
42,3547
39,3548
18,3549
9,3550
23,3551
47,3552
35,3553
6,3554
32,3555
13,3556
23,3557
30,3558
33,3559
44,3560
45,3561
41,3562
1,3563
22,3564
35,3565
49,3566
4,3567
49,3568
5,3569
11,3570
2,3571
38,3572
36,3573
3,3574
33,3575
39,3576
47,3577
22,3578
19,3579
10,3580
2,3581
14,3582
4,3583
36,3584
41,3585
6,3586
31,3587
2,3588
3,3589
29,3590
1,3591
6,3592
2,3593
2,3594
3,3595
49,3596
46,3597
11,3598
34,3599
7,3600
44,3601
12,3602
1,3603
5,3604
24,3605
23,3606
29,3607
32,3608
15,3609
40,3610
43,3611
6,3612
10,3613
37,3614
9,3615
28,3616
11,3617
39,3618
14,3619
7,3620
28,3621
34,3622
27,3623
26,3624
4,3625
43,3626
29,3627
14,3628
1,3629
20,3630
12,3631
24,3632
10,3633
2,3634
39,3635
48,3636
7,3637
38,3638
32,3639
35,3640
5,3641
22,3642
26,3643
4,3644
5,3645
24,3646
48,3647
44,3648
46,3649
6,3650
37,3651
2,3652
27,3653
8,3654
15,3655
3,3656
43,3657
9,3658
46,3659
4,3660
42,3661
36,3662
9,3663
50,3664
30,3665
4,3666
1,3667
37,3668
10,3669
19,3670
27,3671
17,3672
34,3673
14,3674
46,3675
19,3676
45,3677
2,3678
34,3679
43,3680
18,3681
7,3682
50,3683
13,3684
30,3685
3,3686
36,3687
21,3688
11,3689
45,3690
47,3691
4,3692
44,3693
3,3694
12,3695
6,3696
1,3697
32,3698
23,3699
49,3700
47,3701
2,3702
25,3703
18,3704
37,3705
28,3706
42,3707
49,3708
47,3709
13,3710
21,3711
13,3712
10,3713
48,3714
29,3715
2,3716
17,3717
46,3718
6,3719
11,3720
8,3721
36,3722
3,3723
10,3724
9,3725
46,3726
40,3727
43,3728
35,3729
7,3730
17,3731
22,3732
38,3733
12,3734
29,3735
31,3736
17,3737
8,3738
3,3739
10,3740
34,3741
1,3742
30,3743
2,3744
16,3745
2,3746
1,3747
15,3748
8,3749
23,3750
5,3751
1,3752
3,3753
44,3754
6,3755
29,3756
37,3757
44,3758
9,3759
49,3760
2,3761
49,3762
13,3763
1,3764
19,3765
16,3766
19,3767
48,3768
3,3769
48,3770
45,3771
2,3772
22,3773
2,3774
43,3775
23,3776
9,3777
20,3778
19,3779
46,3780
33,3781
3,3782
29,3783
21,3784
30,3785
16,3786
7,3787
24,3788
11,3789
21,3790
4,3791
16,3792
10,3793
1,3794
8,3795
48,3796
23,3797
41,3798
45,3799
5,3800
17,3801
31,3802
36,3803
6,3804
17,3805
22,3806
9,3807
11,3808
42,3809
8,3810
11,3811
28,3812
22,3813
38,3814
38,3815
22,3816
2,3817
29,3818
12,3819
41,3820
18,3821
37,3822
9,3823
7,3824
41,3825
8,3826
30,3827
49,3828
35,3829
23,3830
26,3831
7,3832
35,3833
10,3834
1,3835
41,3836
21,3837
1,3838
9,3839
50,3840
11,3841
49,3842
18,3843
41,3844
21,3845
2,3846
4,3847
8,3848
1,3849
23,3850
7,3851
30,3852
36,3853
46,3854
5,3855
9,3856
24,3857
3,3858
48,3859
4,3860
35,3861
1,3862
25,3863
19,3864
7,3865
9,3866
14,3867
27,3868
34,3869
23,3870
8,3871
30,3872
37,3873
5,3874
36,3875
46,3876
46,3877
37,3878
16,3879
26,3880
22,3881
35,3882
16,3883
12,3884
9,3885
41,3886
46,3887
6,3888
50,3889
14,3890
15,3891
35,3892
28,3893
37,3894
37,3895
17,3896
20,3897
2,3898
26,3899
33,3900
24,3901
3,3902
32,3903
7,3904
36,3905
22,3906
7,3907
14,3908
4,3909
45,3910
44,3911
8,3912
12,3913
9,3914
20,3915
50,3916
24,3917
17,3918
7,3919
45,3920
2,3921
47,3922
14,3923
20,3924
39,3925
10,3926
8,3927
31,3928
37,3929
9,3930
14,3931
46,3932
34,3933
32,3934
40,3935
7,3936
35,3937
5,3938
38,3939
15,3940
14,3941
48,3942
32,3943
38,3944
1,3945
10,3946
32,3947
17,3948
26,3949
28,3950
45,3951
50,3952
6,3953
45,3954
10,3955
34,3956
34,3957
43,3958
4,3959
2,3960
12,3961
30,3962
3,3963
16,3964
23,3965
4,3966
24,3967
18,3968
6,3969
14,3970
8,3971
42,3972
38,3973
8,3974
47,3975
9,3976
42,3977
15,3978
41,3979
5,3980
17,3981
3,3982
32,3983
1,3984
7,3985
11,3986
1,3987
18,3988
17,3989
7,3990
24,3991
12,3992
3,3993
40,3994
26,3995
27,3996
42,3997
8,3998
14,3999
6,4000
1,4001
3,4002
32,4003
9,4004
2,4005
6,4006
50,4007
45,4008
3,4009
19,4010
27,4011
36,4012
18,4013
3,4014
50,4015
8,4016
50,4017
10,4018
45,4019
2,4020
25,4021
42,4022
16,4023
9,4024
2,4025
11,4026
36,4027
48,4028
13,4029
7,4030
46,4031
6,4032
5,4033
35,4034
22,4035
13,4036
28,4037
1,4038
1,4039
16,4040
12,4041
6,4042
49,4043
8,4044
47,4045
19,4046
36,4047
28,4048
42,4049
47,4050
1,4051
15,4052
19,4053
23,4054
23,4055
5,4056
6,4057
46,4058
11,4059
45,4060
42,4061
36,4062
20,4063
4,4064
46,4065
10,4066
11,4067
41,4068
43,4069
39,4070
41,4071
22,4072
8,4073
34,4074
37,4075
30,4076
5,4077
45,4078
35,4079
2,4080
27,4081
44,4082
29,4083
4,4084
24,4085
3,4086
5,4087
13,4088
30,4089
8,4090
21,4091
16,4092
40,4093
1,4094
44,4095
24,4096
36,4097
7,4098
22,4099
2,4100
2,4101
27,4102
22,4103
20,4104
13,4105
44,4106
33,4107
3,4108
16,4109
40,4110
6,4111
37,4112
9,4113
38,4114
10,4115
34,4116
3,4117
11,4118
9,4119
12,4120
34,4121
6,4122
21,4123
32,4124
12,4125
46,4126
30,4127
26,4128
19,4129
43,4130
16,4131
21,4132
43,4133
20,4134
40,4135
5,4136
41,4137
17,4138
1,4139
17,4140
41,4141
4,4142
47,4143
30,4144
8,4145
7,4146
50,4147
7,4148
23,4149
7,4150
13,4151
9,4152
5,4153
21,4154
20,4155
8,4156
7,4157
15,4158
30,4159
9,4160
34,4161
7,4162
7,4163
27,4164
5,4165
40,4166
4,4167
9,4168
8,4169
47,4170
10,4171
2,4172
21,4173
23,4174
41,4175
35,4176
3,4177
38,4178
21,4179
21,4180
17,4181
12,4182
33,4183
5,4184
50,4185
1,4186
27,4187
32,4188
5,4189
19,4190
19,4191
1,4192
33,4193
22,4194
27,4195
46,4196
10,4197
42,4198
7,4199
39,4200
34,4201
4,4202
27,4203
46,4204
25,4205
44,4206
26,4207
42,4208
6,4209
29,4210
23,4211
30,4212
10,4213
40,4214
35,4215
30,4216
37,4217
12,4218
49,4219
36,4220
5,4221
14,4222
8,4223
36,4224
48,4225
9,4226
48,4227
28,4228
19,4229
18,4230
17,4231
1,4232
18,4233
10,4234
35,4235
20,4236
11,4237
2,4238
22,4239
30,4240
35,4241
1,4242
26,4243
31,4244
12,4245
35,4246
2,4247
16,4248
43,4249
18,4250
29,4251
26,4252
41,4253
32,4254
18,4255
11,4256
8,4257
16,4258
9,4259
7,4260
27,4261
43,4262
4,4263
31,4264
20,4265
8,4266
25,4267
6,4268
21,4269
48,4270
35,4271
29,4272
5,4273
9,4274
42,4275
9,4276
33,4277
36,4278
22,4279
47,4280
1,4281
19,4282
13,4283
24,4284
10,4285
14,4286
33,4287
10,4288
1,4289
24,4290
3,4291
29,4292
8,4293
33,4294
1,4295
2,4296
7,4297
48,4298
4,4299
20,4300
5,4301
36,4302
23,4303
35,4304
3,4305
18,4306
16,4307
4,4308
48,4309
15,4310
14,4311
43,4312
49,4313
46,4314
7,4315
21,4316
6,4317
48,4318
23,4319
8,4320
33,4321
35,4322
28,4323
44,4324
5,4325
16,4326
1,4327
19,4328
21,4329
1,4330
13,4331
31,4332
49,4333
2,4334
2,4335
45,4336
6,4337
5,4338
8,4339
46,4340
14,4341
21,4342
10,4343
10,4344
40,4345
8,4346
28,4347
35,4348
23,4349
20,4350
35,4351
25,4352
3,4353
9,4354
11,4355
46,4356
11,4357
17,4358
19,4359
5,4360
17,4361
22,4362
1,4363
4,4364
32,4365
16,4366
20,4367
9,4368
19,4369
41,4370
12,4371
2,4372
45,4373
36,4374
22,4375
5,4376
29,4377
35,4378
27,4379
41,4380
13,4381
7,4382
26,4383
8,4384
31,4385
11,4386
43,4387
37,4388
50,4389
17,4390
7,4391
18,4392
3,4393
19,4394
10,4395
33,4396
18,4397
16,4398
48,4399
33,4400
2,4401
48,4402
7,4403
12,4404
16,4405
4,4406
8,4407
25,4408
5,4409
8,4410
1,4411
32,4412
6,4413
9,4414
40,4415
10,4416
2,4417
39,4418
3,4419
50,4420
42,4421
43,4422
11,4423
43,4424
10,4425
35,4426
6,4427
3,4428
33,4429
12,4430
22,4431
4,4432
25,4433
43,4434
1,4435
20,4436
32,4437
50,4438
9,4439
8,4440
23,4441
19,4442
31,4443
41,4444
14,4445
2,4446
2,4447
1,4448
23,4449
25,4450
4,4451
50,4452
26,4453
41,4454
1,4455
13,4456
42,4457
7,4458
10,4459
46,4460
11,4461
37,4462
3,4463
43,4464
8,4465
39,4466
16,4467
41,4468
5,4469
31,4470
49,4471
27,4472
28,4473
11,4474
38,4475
16,4476
36,4477
12,4478
42,4479
33,4480
31,4481
47,4482
6,4483
18,4484
13,4485
48,4486
2,4487
48,4488
39,4489
12,4490
11,4491
28,4492
15,4493
4,4494
12,4495
41,4496
3,4497
1,4498
1,4499
7,4500
46,4501
22,4502
25,4503
4,4504
32,4505
13,4506
20,4507
9,4508
7,4509
10,4510
28,4511
39,4512
35,4513
2,4514
46,4515
25,4516
11,4517
3,4518
39,4519
31,4520
1,4521
48,4522
41,4523
18,4524
5,4525
10,4526
50,4527
6,4528
40,4529
26,4530
7,4531
13,4532
50,4533
37,4534
47,4535
26,4536
35,4537
47,4538
18,4539
28,4540
12,4541
26,4542
35,4543
16,4544
6,4545
3,4546
6,4547
44,4548
50,4549
44,4550
4,4551
26,4552
5,4553
2,4554
23,4555
25,4556
49,4557
15,4558
21,4559
2,4560
13,4561
46,4562
49,4563
8,4564
19,4565
8,4566
4,4567
45,4568
3,4569
29,4570
40,4571
6,4572
22,4573
46,4574
6,4575
7,4576
12,4577
15,4578
37,4579
4,4580
3,4581
9,4582
37,4583
4,4584
31,4585
8,4586
26,4587
37,4588
38,4589
34,4590
5,4591
41,4592
5,4593
14,4594
49,4595
41,4596
22,4597
7,4598
19,4599
1,4600
1,4601
26,4602
2,4603
26,4604
8,4605
3,4606
4,4607
15,4608
23,4609
42,4610
8,4611
38,4612
9,4613
36,4614
24,4615
42,4616
39,4617
8,4618
22,4619
7,4620
6,4621
41,4622
8,4623
31,4624
16,4625
32,4626
7,4627
17,4628
4,4629
27,4630
33,4631
1,4632
45,4633
4,4634
5,4635
16,4636
8,4637
16,4638
6,4639
15,4640
22,4641
30,4642
36,4643
7,4644
8,4645
31,4646
15,4647
2,4648
38,4649
14,4650
8,4651
23,4652
37,4653
48,4654
19,4655
3,4656
41,4657
1,4658
18,4659
6,4660
33,4661
47,4662
3,4663
19,4664
20,4665
32,4666
41,4667
13,4668
6,4669
44,4670
43,4671
6,4672
21,4673
2,4674
2,4675
14,4676
33,4677
6,4678
3,4679
5,4680
9,4681
30,4682
25,4683
32,4684
39,4685
39,4686
10,4687
25,4688
49,4689
47,4690
50,4691
3,4692
36,4693
4,4694
38,4695
45,4696
18,4697
12,4698
5,4699
43,4700
28,4701
30,4702
1,4703
15,4704
34,4705
42,4706
40,4707
41,4708
25,4709
6,4710
4,4711
20,4712
21,4713
20,4714
34,4715
7,4716
25,4717
40,4718
11,4719
29,4720
24,4721
41,4722
29,4723
8,4724
5,4725
20,4726
2,4727
36,4728
3,4729
28,4730
9,4731
27,4732
4,4733
1,4734
32,4735
9,4736
23,4737
46,4738
11,4739
2,4740
29,4741
5,4742
40,4743
12,4744
36,4745
23,4746
25,4747
1,4748
29,4749
28,4750
10,4751
19,4752
28,4753
44,4754
12,4755
12,4756
44,4757
5,4758
28,4759
7,4760
10,4761
50,4762
6,4763
15,4764
40,4765
13,4766
26,4767
2,4768
11,4769
26,4770
4,4771
23,4772
3,4773
12,4774
1,4775
16,4776
34,4777
42,4778
3,4779
7,4780
43,4781
2,4782
45,4783
7,4784
8,4785
28,4786
28,4787
15,4788
9,4789
39,4790
1,4791
15,4792
37,4793
34,4794
3,4795
22,4796
7,4797
29,4798
10,4799
50,4800
37,4801
41,4802
20,4803
40,4804
32,4805
17,4806
8,4807
14,4808
34,4809
3,4810
3,4811
19,4812
31,4813
7,4814
35,4815
28,4816
9,4817
13,4818
40,4819
17,4820
3,4821
1,4822
8,4823
8,4824
18,4825
40,4826
2,4827
22,4828
3,4829
26,4830
35,4831
7,4832
25,4833
34,4834
20,4835
4,4836
48,4837
38,4838
8,4839
50,4840
16,4841
3,4842
11,4843
38,4844
32,4845
7,4846
22,4847
3,4848
40,4849
4,4850
18,4851
5,4852
25,4853
6,4854
33,4855
9,4856
37,4857
49,4858
15,4859
8,4860
20,4861
14,4862
23,4863
2,4864
4,4865
38,4866
7,4867
7,4868
31,4869
23,4870
9,4871
10,4872
35,4873
32,4874
22,4875
1,4876
8,4877
2,4878
47,4879
9,4880
5,4881
36,4882
50,4883
1,4884
4,4885
15,4886
3,4887
18,4888
36,4889
20,4890
11,4891
35,4892
4,4893
29,4894
5,4895
16,4896
4,4897
14,4898
1,4899
46,4900
45,4901
41,4902
36,4903
5,4904
38,4905
10,4906
34,4907
42,4908
10,4909
12,4910
41,4911
20,4912
44,4913
17,4914
36,4915
21,4916
37,4917
5,4918
6,4919
11,4920
3,4921
25,4922
27,4923
5,4924
42,4925
48,4926
35,4927
13,4928
2,4929
11,4930
30,4931
41,4932
7,4933
9,4934
8,4935
2,4936
11,4937
30,4938
20,4939
39,4940
10,4941
12,4942
26,4943
8,4944
32,4945
2,4946
14,4947
20,4948
14,4949
2,4950
37,4951
14,4952
10,4953
22,4954
2,4955
14,4956
16,4957
4,4958
4,4959
31,4960
49,4961
38,4962
10,4963
18,4964
49,4965
10,4966
1,4967
38,4968
35,4969
41,4970
15,4971
23,4972
38,4973
3,4974
34,4975
26,4976
2,4977
24,4978
4,4979
12,4980
7,4981
40,4982
42,4983
47,4984
9,4985
7,4986
10,4987
30,4988
27,4989
1,4990
35,4991
1,4992
19,4993
2,4994
6,4995
12,4996
20,4997
26,4998
8,4999
17,5000
1,5001
35,5002
10,5003
23,5004
15,5005
3,5006
21,5007
47,5008
50,5009
7,5010
14,5011
17,5012
5,5013
11,5014
42,5015
16,5016
37,5017
18,5018
45,5019
8,5020
7,5021
33,5022
37,5023
2,5024
41,5025
32,5026
1,5027
35,5028
4,5029
21,5030
45,5031
2,5032
50,5033
28,5034
25,5035
42,5036
29,5037
2,5038
11,5039
16,5040
12,5041
37,5042
5,5043
12,5044
48,5045
14,5046
49,5047
34,5048
41,5049
7,5050
39,5051
3,5052
8,5053
19,5054
1,5055
5,5056
23,5057
6,5058
16,5059
9,5060
9,5061
32,5062
12,5063
1,5064
18,5065
44,5066
12,5067
20,5068
45,5069
18,5070
20,5071
36,5072
9,5073
43,5074
8,5075
35,5076
50,5077
18,5078
49,5079
43,5080
44,5081
7,5082
7,5083
45,5084
30,5085
5,5086
32,5087
14,5088
15,5089
15,5090
7,5091
35,5092
23,5093
6,5094
10,5095
32,5096
3,5097
8,5098
47,5099
9,5100
8,5101
7,5102
10,5103
3,5104
43,5105
20,5106
45,5107
19,5108
8,5109
26,5110
34,5111
3,5112
27,5113
1,5114
20,5115
32,5116
2,5117
41,5118
37,5119
20,5120
5,5121
30,5122
23,5123
5,5124
34,5125
3,5126
38,5127
9,5128
40,5129
17,5130
7,5131
6,5132
3,5133
35,5134
36,5135
1,5136
6,5137
8,5138
27,5139
9,5140
42,5141
46,5142
4,5143
7,5144
20,5145
22,5146
2,5147
8,5148
40,5149
7,5150
11,5151
15,5152
5,5153
4,5154
9,5155
42,5156
29,5157
34,5158
22,5159
6,5160
13,5161
49,5162
10,5163
19,5164
27,5165
3,5166
43,5167
14,5168
34,5169
26,5170
26,5171
1,5172
32,5173
17,5174
2,5175
26,5176
25,5177
25,5178
24,5179
1,5180
6,5181
49,5182
28,5183
45,5184
7,5185
11,5186
23,5187
4,5188
7,5189
30,5190
42,5191
39,5192
20,5193
3,5194
33,5195
24,5196
14,5197
5,5198
48,5199
37,5200
48,5201
12,5202
36,5203
44,5204
4,5205
7,5206
32,5207
12,5208
29,5209
5,5210
3,5211
2,5212
38,5213
14,5214
39,5215
42,5216
16,5217
26,5218
4,5219
16,5220
12,5221
5,5222
17,5223
39,5224
47,5225
22,5226
8,5227
34,5228
26,5229
2,5230
32,5231
16,5232
50,5233
28,5234
36,5235
1,5236
11,5237
27,5238
33,5239
2,5240
48,5241
2,5242
50,5243
3,5244
25,5245
43,5246
18,5247
49,5248
8,5249
3,5250
18,5251
18,5252
22,5253
18,5254
7,5255
18,5256
4,5257
9,5258
25,5259
45,5260
1,5261
21,5262
18,5263
6,5264
20,5265
13,5266
25,5267
18,5268
42,5269
14,5270
1,5271
9,5272
32,5273
8,5274
35,5275
4,5276
31,5277
48,5278
38,5279
9,5280
35,5281
45,5282
21,5283
10,5284
21,5285
40,5286
11,5287
21,5288
7,5289
50,5290
3,5291
48,5292
2,5293
13,5294
5,5295
35,5296
3,5297
39,5298
10,5299
46,5300
27,5301
49,5302
12,5303
27,5304
41,5305
4,5306
32,5307
30,5308
5,5309
5,5310
39,5311
28,5312
18,5313
36,5314
18,5315
8,5316
10,5317
34,5318
18,5319
40,5320
2,5321
1,5322
30,5323
16,5324
6,5325
5,5326
9,5327
43,5328
10,5329
4,5330
17,5331
13,5332
37,5333
41,5334
7,5335
29,5336
7,5337
47,5338
2,5339
43,5340
37,5341
11,5342
12,5343
7,5344
27,5345
11,5346
2,5347
27,5348
3,5349
26,5350
10,5351
29,5352
4,5353
17,5354
43,5355
50,5356
45,5357
12,5358
15,5359
45,5360
45,5361
43,5362
7,5363
5,5364
44,5365
8,5366
39,5367
35,5368
6,5369
10,5370
4,5371
25,5372
10,5373
30,5374
30,5375
48,5376
30,5377
9,5378
38,5379
29,5380
44,5381
4,5382
38,5383
44,5384
7,5385
3,5386
10,5387
32,5388
16,5389
11,5390
15,5391
12,5392
1,5393
4,5394
46,5395
1,5396
2,5397
48,5398
26,5399
1,5400
27,5401
12,5402
13,5403
39,5404
22,5405
3,5406
23,5407
33,5408
22,5409
35,5410
40,5411
7,5412
2,5413
18,5414
44,5415
21,5416
38,5417
30,5418
25,5419
15,5420
22,5421
36,5422
6,5423
3,5424
14,5425
4,5426
37,5427
31,5428
8,5429
45,5430
5,5431
12,5432
6,5433
40,5434
50,5435
27,5436
47,5437
42,5438
35,5439
1,5440
20,5441
4,5442
39,5443
14,5444
39,5445
35,5446
15,5447
9,5448
47,5449
30,5450
34,5451
8,5452
4,5453
1,5454
32,5455
37,5456
1,5457
40,5458
10,5459
49,5460
8,5461
16,5462
2,5463
2,5464
1,5465
9,5466
22,5467
16,5468
3,5469
41,5470
7,5471
32,5472
8,5473
36,5474
25,5475
25,5476
21,5477
6,5478
13,5479
4,5480
39,5481
2,5482
25,5483
24,5484
21,5485
38,5486
44,5487
5,5488
29,5489
31,5490
11,5491
14,5492
20,5493
6,5494
14,5495
3,5496
15,5497
7,5498
34,5499
49,5500
40,5501
25,5502
13,5503
5,5504
11,5505
19,5506
46,5507
5,5508
43,5509
39,5510
47,5511
25,5512
20,5513
43,5514
9,5515
21,5516
31,5517
28,5518
9,5519
2,5520
38,5521
3,5522
15,5523
4,5524
17,5525
37,5526
4,5527
15,5528
1,5529
33,5530
19,5531
5,5532
5,5533
38,5534
30,5535
10,5536
7,5537
11,5538
47,5539
8,5540
11,5541
7,5542
12,5543
6,5544
1,5545
47,5546
34,5547
27,5548
42,5549
15,5550
2,5551
9,5552
17,5553
49,5554
8,5555
1,5556
45,5557
47,5558
39,5559
25,5560
35,5561
13,5562
3,5563
47,5564
4,5565
32,5566
50,5567
26,5568
48,5569
5,5570
30,5571
23,5572
34,5573
31,5574
36,5575
24,5576
15,5577
31,5578
31,5579
50,5580
15,5581
33,5582
42,5583
6,5584
19,5585
14,5586
47,5587
6,5588
9,5589
47,5590
10,5591
24,5592
40,5593
6,5594
8,5595
10,5596
2,5597
13,5598
26,5599
38,5600
11,5601
47,5602
33,5603
12,5604
11,5605
7,5606
45,5607
12,5608
40,5609
42,5610
16,5611
45,5612
1,5613
48,5614
12,5615
37,5616
48,5617
16,5618
3,5619
16,5620
7,5621
4,5622
7,5623
30,5624
25,5625
36,5626
48,5627
6,5628
18,5629
8,5630
18,5631
1,5632
19,5633
5,5634
8,5635
2,5636
9,5637
11,5638
3,5639
13,5640
17,5641
1,5642
42,5643
9,5644
19,5645
5,5646
29,5647
21,5648
49,5649
5,5650
6,5651
36,5652
37,5653
45,5654
10,5655
34,5656
7,5657
22,5658
6,5659
49,5660
43,5661
17,5662
26,5663
10,5664
11,5665
2,5666
3,5667
21,5668
50,5669
42,5670
35,5671
8,5672
20,5673
5,5674
1,5675
8,5676
16,5677
48,5678
10,5679
41,5680
7,5681
9,5682
29,5683
15,5684
12,5685
38,5686
35,5687
24,5688
3,5689
31,5690
36,5691
10,5692
21,5693
6,5694
7,5695
25,5696
36,5697
8,5698
41,5699
4,5700
15,5701
7,5702
6,5703
5,5704
11,5705
7,5706
6,5707
2,5708
46,5709
40,5710
45,5711
20,5712
44,5713
38,5714
11,5715
22,5716
11,5717
23,5718
27,5719
11,5720
37,5721
39,5722
2,5723
49,5724
1,5725
36,5726
15,5727
29,5728
41,5729
47,5730
21,5731
24,5732
40,5733
3,5734
10,5735
43,5736
4,5737
13,5738
47,5739
2,5740
19,5741
34,5742
8,5743
36,5744
5,5745
3,5746
3,5747
8,5748
16,5749
3,5750
9,5751
43,5752
48,5753
40,5754
27,5755
1,5756
20,5757
3,5758
1,5759
5,5760
14,5761
25,5762
22,5763
16,5764
45,5765
25,5766
32,5767
7,5768
39,5769
16,5770
30,5771
42,5772
11,5773
2,5774
9,5775
6,5776
4,5777
42,5778
30,5779
16,5780
41,5781
8,5782
19,5783
18,5784
47,5785
23,5786
47,5787
26,5788
17,5789
36,5790
1,5791
23,5792
34,5793
49,5794
13,5795
38,5796
6,5797
26,5798
16,5799
30,5800
3,5801
9,5802
38,5803
45,5804
17,5805
35,5806
7,5807
39,5808
37,5809
12,5810
4,5811
18,5812
7,5813
4,5814
18,5815
49,5816
1,5817
6,5818
33,5819
45,5820
7,5821
31,5822
18,5823
31,5824
24,5825
5,5826
8,5827
17,5828
41,5829
47,5830
9,5831
32,5832
18,5833
48,5834
20,5835
1,5836
42,5837
10,5838
33,5839
7,5840
46,5841
8,5842
15,5843
36,5844
9,5845
4,5846
3,5847
40,5848
11,5849
10,5850
7,5851
43,5852
12,5853
3,5854
28,5855
11,5856
28,5857
33,5858
3,5859
42,5860
4,5861
15,5862
8,5863
13,5864
4,5865
2,5866
30,5867
5,5868
33,5869
15,5870
22,5871
9,5872
3,5873
20,5874
12,5875
42,5876
1,5877
5,5878
48,5879
7,5880
29,5881
8,5882
16,5883
27,5884
7,5885
1,5886
22,5887
8,5888
41,5889
46,5890
2,5891
3,5892
11,5893
38,5894
4,5895
11,5896
28,5897
3,5898
29,5899
20,5900
18,5901
8,5902
47,5903
3,5904
47,5905
39,5906
29,5907
2,5908
16,5909
28,5910
37,5911
30,5912
15,5913
6,5914
8,5915
11,5916
7,5917
48,5918
45,5919
25,5920
24,5921
1,5922
8,5923
37,5924
41,5925
11,5926
22,5927
23,5928
47,5929
7,5930
28,5931
9,5932
16,5933
8,5934
41,5935
6,5936
22,5937
41,5938
35,5939
50,5940
10,5941
35,5942
1,5943
34,5944
25,5945
48,5946
43,5947
22,5948
13,5949
29,5950
10,5951
50,5952
42,5953
13,5954
14,5955
16,5956
29,5957
9,5958
49,5959
49,5960
11,5961
8,5962
3,5963
37,5964
41,5965
12,5966
23,5967
19,5968
3,5969
41,5970
27,5971
18,5972
41,5973
21,5974
23,5975
6,5976
29,5977
23,5978
4,5979
48,5980
27,5981
1,5982
46,5983
11,5984
47,5985
34,5986
22,5987
46,5988
48,5989
7,5990
45,5991
22,5992
28,5993
27,5994
34,5995
35,5996
8,5997
4,5998
5,5999
32,6000
14,6001
6,6002
11,6003
49,6004
35,6005
21,6006
46,6007
8,6008
49,6009
43,6010
6,6011
27,6012
26,6013
2,6014
13,6015
3,6016
44,6017
7,6018
4,6019
4,6020
23,6021
1,6022
12,6023
2,6024
22,6025
50,6026
42,6027
29,6028
1,6029
1,6030
18,6031
2,6032
24,6033
13,6034
5,6035
10,6036
1,6037
2,6038
35,6039
16,6040
21,6041
32,6042
1,6043
41,6044
34,6045
30,6046
22,6047
11,6048
25,6049
5,6050
22,6051
27,6052
11,6053
11,6054
43,6055
21,6056
16,6057
47,6058
16,6059
8,6060
50,6061
6,6062
7,6063
7,6064
7,6065
48,6066
9,6067
38,6068
12,6069
7,6070
34,6071
49,6072
7,6073
18,6074
44,6075
42,6076
8,6077
5,6078
45,6079
3,6080
2,6081
8,6082
17,6083
14,6084
1,6085
17,6086
14,6087
13,6088
40,6089
28,6090
3,6091
42,6092
6,6093
20,6094
2,6095
41,6096
32,6097
24,6098
47,6099
7,6100
25,6101
3,6102
27,6103
10,6104
46,6105
22,6106
12,6107
1,6108
29,6109
1,6110
36,6111
20,6112
27,6113
8,6114
48,6115
49,6116
18,6117
11,6118
6,6119
30,6120
49,6121
18,6122
13,6123
43,6124
4,6125
22,6126
7,6127
12,6128
12,6129
35,6130
11,6131
5,6132
20,6133
31,6134
48,6135
9,6136
15,6137
28,6138
10,6139
2,6140
8,6141
36,6142
11,6143
46,6144
9,6145
32,6146
9,6147
42,6148
11,6149
49,6150
2,6151
22,6152
12,6153
7,6154
34,6155
14,6156
1,6157
49,6158
35,6159
13,6160
12,6161
42,6162
37,6163
21,6164
26,6165
6,6166
3,6167
22,6168
10,6169
5,6170
7,6171
50,6172
45,6173
8,6174
32,6175
39,6176
40,6177
37,6178
10,6179
33,6180
20,6181
36,6182
9,6183
35,6184
12,6185
25,6186
45,6187
10,6188
30,6189
11,6190
49,6191
41,6192
3,6193
33,6194
2,6195
36,6196
31,6197
4,6198
12,6199
7,6200
45,6201
10,6202
18,6203
15,6204
28,6205
22,6206
4,6207
25,6208
10,6209
8,6210
40,6211
7,6212
25,6213
14,6214
1,6215
28,6216
34,6217
20,6218
19,6219
36,6220
13,6221
3,6222
26,6223
28,6224
8,6225
6,6226
1,6227
38,6228
39,6229
7,6230
41,6231
4,6232
2,6233
45,6234
45,6235
9,6236
46,6237
28,6238
42,6239
10,6240
14,6241
50,6242
41,6243
30,6244
8,6245
15,6246
21,6247
46,6248
42,6249
13,6250
4,6251
6,6252
27,6253
13,6254
6,6255
37,6256
44,6257
48,6258
41,6259
12,6260
11,6261
45,6262
23,6263
34,6264
20,6265
23,6266
49,6267
32,6268
39,6269
36,6270
40,6271
11,6272
30,6273
19,6274
12,6275
35,6276
38,6277
41,6278
38,6279
10,6280
15,6281
8,6282
30,6283
42,6284
5,6285
28,6286
20,6287
12,6288
49,6289
25,6290
11,6291
44,6292
6,6293
34,6294
11,6295
5,6296
1,6297
21,6298
34,6299
22,6300
2,6301
47,6302
2,6303
39,6304
23,6305
44,6306
25,6307
14,6308
3,6309
7,6310
47,6311
31,6312
15,6313
36,6314
4,6315
12,6316
6,6317
10,6318
1,6319
8,6320
8,6321
30,6322
24,6323
20,6324
19,6325
9,6326
30,6327
7,6328
46,6329
46,6330
13,6331
50,6332
1,6333
50,6334
43,6335
10,6336
14,6337
5,6338
42,6339
33,6340
48,6341
47,6342
12,6343
6,6344
12,6345
17,6346
11,6347
29,6348
25,6349
38,6350
22,6351
26,6352
50,6353
28,6354
48,6355
37,6356
43,6357
2,6358
32,6359
42,6360
48,6361
16,6362
3,6363
11,6364
4,6365
1,6366
20,6367
36,6368
25,6369
50,6370
40,6371
32,6372
10,6373
27,6374
13,6375
5,6376
17,6377
6,6378
15,6379
37,6380
44,6381
15,6382
36,6383
29,6384
8,6385
35,6386
25,6387
12,6388
33,6389
49,6390
14,6391
33,6392
40,6393
19,6394
40,6395
8,6396
48,6397
9,6398
27,6399
41,6400
15,6401
7,6402
10,6403
29,6404
10,6405
12,6406
1,6407
10,6408
37,6409
3,6410
8,6411
41,6412
15,6413
2,6414
26,6415
30,6416
13,6417
33,6418
20,6419
50,6420
7,6421
41,6422
22,6423
11,6424
38,6425
23,6426
8,6427
9,6428
34,6429
33,6430
12,6431
23,6432
35,6433
32,6434
3,6435
42,6436
13,6437
6,6438
1,6439
34,6440
38,6441
27,6442
32,6443
32,6444
15,6445
40,6446
38,6447
7,6448
39,6449
4,6450
20,6451
37,6452
32,6453
15,6454
37,6455
8,6456
35,6457
23,6458
35,6459
44,6460
1,6461
2,6462
20,6463
35,6464
32,6465
5,6466
15,6467
15,6468
49,6469
39,6470
10,6471
22,6472
8,6473
31,6474
7,6475
14,6476
9,6477
29,6478
6,6479
34,6480
49,6481
16,6482
43,6483
7,6484
6,6485
9,6486
50,6487
42,6488
20,6489
26,6490
46,6491
4,6492
8,6493
34,6494
4,6495
45,6496
10,6497
19,6498
13,6499
30,6500
46,6501
1,6502
39,6503
2,6504
49,6505
43,6506
3,6507
40,6508
47,6509
21,6510
43,6511
14,6512
50,6513
6,6514
9,6515
15,6516
35,6517
20,6518
44,6519
10,6520
4,6521
23,6522
30,6523
50,6524
30,6525
24,6526
15,6527
7,6528
23,6529
5,6530
38,6531
11,6532
46,6533
15,6534
8,6535
19,6536
6,6537
7,6538
12,6539
48,6540
26,6541
41,6542
35,6543
39,6544
9,6545
37,6546
18,6547
9,6548
18,6549
35,6550
2,6551
50,6552
28,6553
30,6554
7,6555
30,6556
5,6557
15,6558
46,6559
49,6560
50,6561
9,6562
46,6563
7,6564
4,6565
40,6566
31,6567
40,6568
45,6569
48,6570
11,6571
33,6572
20,6573
7,6574
7,6575
10,6576
2,6577
27,6578
8,6579
17,6580
19,6581
39,6582
9,6583
37,6584
5,6585
1,6586
32,6587
6,6588
38,6589
28,6590
34,6591
48,6592
45,6593
33,6594
8,6595
33,6596
26,6597
21,6598
11,6599
42,6600
46,6601
49,6602
1,6603
42,6604
34,6605
22,6606
42,6607
2,6608
22,6609
12,6610
2,6611
34,6612
43,6613
1,6614
49,6615
15,6616
12,6617
10,6618
26,6619
11,6620
4,6621
2,6622
22,6623
3,6624
27,6625
12,6626
28,6627
18,6628
4,6629
39,6630
7,6631
12,6632
20,6633
48,6634
22,6635
3,6636
40,6637
42,6638
48,6639
14,6640
40,6641
25,6642
13,6643
22,6644
5,6645
6,6646
21,6647
3,6648
50,6649
31,6650
37,6651
34,6652
7,6653
29,6654
36,6655
6,6656
43,6657
49,6658
47,6659
3,6660
16,6661
8,6662
39,6663
28,6664
21,6665
12,6666
19,6667
40,6668
33,6669
1,6670
22,6671
40,6672
31,6673
9,6674
32,6675
3,6676
46,6677
10,6678
14,6679
2,6680
41,6681
35,6682
6,6683
30,6684
45,6685
40,6686
35,6687
5,6688
3,6689
47,6690
30,6691
10,6692
44,6693
42,6694
40,6695
6,6696
4,6697
29,6698
11,6699
2,6700
7,6701
30,6702
5,6703
6,6704
13,6705
14,6706
12,6707
38,6708
38,6709
1,6710
5,6711
21,6712
18,6713
14,6714
45,6715
11,6716
44,6717
2,6718
4,6719
11,6720
34,6721
16,6722
46,6723
2,6724
30,6725
49,6726
8,6727
34,6728
1,6729
50,6730
7,6731
27,6732
12,6733
36,6734
9,6735
44,6736
47,6737
10,6738
8,6739
6,6740
29,6741
23,6742
32,6743
11,6744
7,6745
27,6746
2,6747
49,6748
6,6749
15,6750
40,6751
34,6752
24,6753
5,6754
12,6755
31,6756
30,6757
40,6758
16,6759
19,6760
1,6761
38,6762
15,6763
27,6764
8,6765
45,6766
2,6767
7,6768
13,6769
16,6770
9,6771
10,6772
10,6773
4,6774
2,6775
33,6776
41,6777
32,6778
35,6779
32,6780
20,6781
31,6782
42,6783
25,6784
11,6785
1,6786
39,6787
11,6788
13,6789
2,6790
36,6791
1,6792
28,6793
43,6794
16,6795
23,6796
12,6797
38,6798
3,6799
23,6800
1,6801
43,6802
7,6803
8,6804
39,6805
23,6806
6,6807
7,6808
33,6809
4,6810
24,6811
37,6812
9,6813
22,6814
26,6815
45,6816
20,6817
35,6818
38,6819
49,6820
2,6821
49,6822
5,6823
22,6824
8,6825
38,6826
1,6827
44,6828
49,6829
19,6830
24,6831
4,6832
21,6833
24,6834
7,6835
14,6836
17,6837
6,6838
19,6839
8,6840
2,6841
39,6842
39,6843
4,6844
38,6845
27,6846
26,6847
50,6848
42,6849
2,6850
19,6851
16,6852
19,6853
1,6854
19,6855
10,6856
47,6857
19,6858
33,6859
11,6860
3,6861
28,6862
2,6863
32,6864
2,6865
1,6866
4,6867
12,6868
34,6869
11,6870
38,6871
15,6872
9,6873
38,6874
31,6875
22,6876
28,6877
7,6878
34,6879
33,6880
3,6881
27,6882
33,6883
12,6884
26,6885
4,6886
9,6887
22,6888
40,6889
15,6890
2,6891
17,6892
14,6893
49,6894
20,6895
23,6896
3,6897
27,6898
23,6899
43,6900
13,6901
8,6902
1,6903
36,6904
19,6905
4,6906
9,6907
9,6908
48,6909
17,6910
2,6911
8,6912
3,6913
44,6914
43,6915
16,6916
6,6917
7,6918
2,6919
10,6920
18,6921
10,6922
13,6923
30,6924
17,6925
42,6926
32,6927
8,6928
1,6929
31,6930
30,6931
9,6932
33,6933
5,6934
14,6935
7,6936
7,6937
11,6938
2,6939
10,6940
46,6941
40,6942
33,6943
23,6944
38,6945
2,6946
50,6947
11,6948
36,6949
46,6950
8,6951
3,6952
12,6953
38,6954
35,6955
4,6956
9,6957
33,6958
43,6959
9,6960
46,6961
23,6962
40,6963
7,6964
26,6965
14,6966
25,6967
10,6968
35,6969
25,6970
10,6971
40,6972
33,6973
18,6974
1,6975
43,6976
38,6977
7,6978
8,6979
32,6980
24,6981
37,6982
18,6983
39,6984
5,6985
24,6986
26,6987
37,6988
32,6989
9,6990
47,6991
24,6992
11,6993
38,6994
10,6995
39,6996
2,6997
32,6998
43,6999
3,7000
33,7001
31,7002
1,7003
11,7004
7,7005
33,7006
33,7007
48,7008
3,7009
11,7010
11,7011
11,7012
1,7013
4,7014
2,7015
41,7016
13,7017
42,7018
6,7019
35,7020
11,7021
28,7022
22,7023
4,7024
30,7025
5,7026
5,7027
6,7028
47,7029
8,7030
50,7031
11,7032
41,7033
47,7034
34,7035
45,7036
33,7037
21,7038
16,7039
12,7040
1,7041
2,7042
13,7043
23,7044
41,7045
48,7046
30,7047
37,7048
26,7049
13,7050
34,7051
48,7052
7,7053
21,7054
21,7055
45,7056
6,7057
42,7058
8,7059
10,7060
26,7061
30,7062
7,7063
24,7064
50,7065
24,7066
36,7067
17,7068
42,7069
24,7070
20,7071
2,7072
28,7073
30,7074
7,7075
45,7076
1,7077
33,7078
28,7079
46,7080
2,7081
25,7082
3,7083
5,7084
2,7085
8,7086
29,7087
9,7088
27,7089
48,7090
25,7091
38,7092
7,7093
47,7094
27,7095
33,7096
24,7097
31,7098
34,7099
40,7100
20,7101
31,7102
20,7103
16,7104
12,7105
19,7106
16,7107
1,7108
21,7109
31,7110
2,7111
50,7112
10,7113
8,7114
16,7115
8,7116
29,7117
1,7118
33,7119
47,7120
6,7121
18,7122
6,7123
21,7124
27,7125
3,7126
25,7127
46,7128
8,7129
4,7130
36,7131
9,7132
23,7133
5,7134
41,7135
40,7136
18,7137
26,7138
19,7139
46,7140
6,7141
31,7142
7,7143
41,7144
10,7145
29,7146
8,7147
34,7148
27,7149
7,7150
10,7151
26,7152
49,7153
43,7154
21,7155
12,7156
11,7157
28,7158
32,7159
8,7160
49,7161
37,7162
19,7163
42,7164
40,7165
33,7166
2,7167
20,7168
32,7169
20,7170
35,7171
45,7172
36,7173
5,7174
3,7175
4,7176
21,7177
9,7178
45,7179
41,7180
36,7181
3,7182
21,7183
42,7184
1,7185
4,7186
35,7187
36,7188
10,7189
38,7190
11,7191
32,7192
6,7193
8,7194
1,7195
21,7196
24,7197
32,7198
2,7199
42,7200
3,7201
14,7202
45,7203
41,7204
7,7205
22,7206
26,7207
27,7208
1,7209
47,7210
29,7211
4,7212
22,7213
16,7214
11,7215
42,7216
29,7217
49,7218
8,7219
4,7220
41,7221
2,7222
9,7223
7,7224
14,7225
23,7226
24,7227
11,7228
17,7229
15,7230
45,7231
12,7232
5,7233
24,7234
46,7235
1,7236
11,7237
13,7238
36,7239
35,7240
44,7241
2,7242
39,7243
25,7244
23,7245
10,7246
14,7247
42,7248
35,7249
44,7250
20,7251
23,7252
8,7253
27,7254
3,7255
33,7256
31,7257
41,7258
15,7259
7,7260
3,7261
26,7262
26,7263
50,7264
9,7265
32,7266
28,7267
2,7268
14,7269
34,7270
24,7271
9,7272
26,7273
5,7274
24,7275
19,7276
5,7277
1,7278
34,7279
6,7280
6,7281
10,7282
28,7283
11,7284
23,7285
9,7286
25,7287
6,7288
19,7289
24,7290
2,7291
50,7292
2,7293
1,7294
2,7295
6,7296
7,7297
10,7298
12,7299
46,7300
8,7301
27,7302
16,7303
7,7304
1,7305
23,7306
4,7307
14,7308
7,7309
13,7310
5,7311
6,7312
3,7313
44,7314
41,7315
50,7316
12,7317
37,7318
30,7319
8,7320
12,7321
35,7322
9,7323
23,7324
17,7325
12,7326
33,7327
6,7328
30,7329
31,7330
45,7331
39,7332
24,7333
4,7334
46,7335
50,7336
39,7337
27,7338
2,7339
2,7340
2,7341
39,7342
6,7343
33,7344
1,7345
3,7346
28,7347
18,7348
1,7349
42,7350
18,7351
2,7352
32,7353
24,7354
23,7355
2,7356
24,7357
45,7358
43,7359
44,7360
1,7361
14,7362
26,7363
10,7364
9,7365
18,7366
31,7367
10,7368
31,7369
7,7370
11,7371
19,7372
8,7373
44,7374
10,7375
39,7376
9,7377
15,7378
46,7379
4,7380
10,7381
43,7382
50,7383
3,7384
30,7385
25,7386
6,7387
11,7388
15,7389
27,7390
47,7391
46,7392
30,7393
46,7394
28,7395
24,7396
5,7397
45,7398
6,7399
35,7400
7,7401
24,7402
10,7403
46,7404
42,7405
45,7406
7,7407
48,7408
19,7409
2,7410
48,7411
34,7412
11,7413
24,7414
24,7415
34,7416
31,7417
30,7418
2,7419
32,7420
22,7421
1,7422
30,7423
7,7424
20,7425
2,7426
15,7427
43,7428
8,7429
8,7430
16,7431
33,7432
33,7433
26,7434
1,7435
25,7436
9,7437
7,7438
27,7439
3,7440
43,7441
7,7442
3,7443
10,7444
2,7445
28,7446
6,7447
2,7448
43,7449
10,7450
40,7451
28,7452
3,7453
8,7454
50,7455
32,7456
4,7457
50,7458
28,7459
47,7460
12,7461
41,7462
1,7463
34,7464
13,7465
38,7466
2,7467
27,7468
45,7469
34,7470
29,7471
9,7472
17,7473
11,7474
42,7475
2,7476
40,7477
12,7478
17,7479
13,7480
46,7481
1,7482
1,7483
36,7484
47,7485
45,7486
46,7487
30,7488
2,7489
32,7490
38,7491
42,7492
16,7493
50,7494
48,7495
3,7496
10,7497
3,7498
32,7499
22,7500
7,7501
26,7502
37,7503
6,7504
11,7505
44,7506
25,7507
14,7508
5,7509
15,7510
3,7511
22,7512
8,7513
36,7514
9,7515
19,7516
27,7517
3,7518
12,7519
9,7520
50,7521
20,7522
6,7523
45,7524
12,7525
42,7526
28,7527
50,7528
48,7529
10,7530
41,7531
20,7532
47,7533
9,7534
5,7535
4,7536
12,7537
41,7538
7,7539
14,7540
44,7541
23,7542
26,7543
6,7544
3,7545
1,7546
31,7547
20,7548
5,7549
39,7550
6,7551
20,7552
8,7553
11,7554
8,7555
11,7556
9,7557
47,7558
27,7559
8,7560
19,7561
10,7562
10,7563
15,7564
7,7565
15,7566
11,7567
18,7568
12,7569
11,7570
24,7571
1,7572
35,7573
50,7574
37,7575
30,7576
31,7577
34,7578
2,7579
32,7580
44,7581
15,7582
2,7583
3,7584
33,7585
35,7586
9,7587
1,7588
16,7589
4,7590
15,7591
8,7592
49,7593
50,7594
7,7595
46,7596
27,7597
30,7598
25,7599
5,7600
12,7601
36,7602
44,7603
14,7604
20,7605
6,7606
12,7607
32,7608
44,7609
39,7610
27,7611
48,7612
9,7613
39,7614
21,7615
22,7616
38,7617
27,7618
1,7619
16,7620
6,7621
41,7622
19,7623
13,7624
31,7625
10,7626
37,7627
11,7628
14,7629
7,7630
41,7631
21,7632
12,7633
16,7634
28,7635
20,7636
43,7637
23,7638
2,7639
2,7640
8,7641
13,7642
34,7643
7,7644
16,7645
1,7646
12,7647
18,7648
31,7649
9,7650
42,7651
9,7652
13,7653
27,7654
7,7655
3,7656
22,7657
41,7658
44,7659
48,7660
23,7661
10,7662
9,7663
37,7664
37,7665
28,7666
4,7667
18,7668
3,7669
9,7670
38,7671
26,7672
2,7673
30,7674
47,7675
43,7676
26,7677
4,7678
17,7679
7,7680
41,7681
11,7682
44,7683
8,7684
8,7685
1,7686
31,7687
39,7688
33,7689
33,7690
40,7691
2,7692
50,7693
4,7694
24,7695
12,7696
5,7697
21,7698
3,7699
26,7700
37,7701
27,7702
42,7703
34,7704
40,7705
22,7706
17,7707
10,7708
3,7709
37,7710
4,7711
10,7712
14,7713
22,7714
18,7715
6,7716
38,7717
30,7718
19,7719
3,7720
9,7721
7,7722
1,7723
11,7724
32,7725
11,7726
6,7727
13,7728
2,7729
44,7730
3,7731
31,7732
38,7733
6,7734
9,7735
33,7736
10,7737
11,7738
3,7739
2,7740
8,7741
39,7742
50,7743
25,7744
7,7745
45,7746
1,7747
25,7748
6,7749
45,7750
32,7751
44,7752
32,7753
15,7754
4,7755
42,7756
42,7757
11,7758
48,7759
18,7760
33,7761
2,7762
43,7763
19,7764
24,7765
5,7766
14,7767
3,7768
12,7769
37,7770
50,7771
49,7772
27,7773
41,7774
17,7775
8,7776
39,7777
25,7778
13,7779
37,7780
22,7781
6,7782
2,7783
22,7784
22,7785
20,7786
31,7787
49,7788
37,7789
34,7790
20,7791
4,7792
8,7793
38,7794
45,7795
50,7796
41,7797
6,7798
34,7799
23,7800
5,7801
12,7802
1,7803
17,7804
5,7805
37,7806
21,7807
24,7808
43,7809
7,7810
50,7811
9,7812
22,7813
31,7814
12,7815
32,7816
33,7817
34,7818
45,7819
33,7820
42,7821
45,7822
9,7823
1,7824
43,7825
2,7826
11,7827
25,7828
45,7829
35,7830
10,7831
33,7832
31,7833
28,7834
11,7835
22,7836
19,7837
1,7838
39,7839
2,7840
35,7841
26,7842
38,7843
1,7844
13,7845
4,7846
6,7847
5,7848
16,7849
23,7850
13,7851
39,7852
35,7853
12,7854
29,7855
10,7856
16,7857
32,7858
12,7859
14,7860
19,7861
48,7862
2,7863
33,7864
50,7865
7,7866
27,7867
7,7868
3,7869
42,7870
8,7871
20,7872
35,7873
29,7874
18,7875
18,7876
25,7877
19,7878
10,7879
18,7880
7,7881
18,7882
29,7883
4,7884
14,7885
1,7886
23,7887
40,7888
8,7889
11,7890
9,7891
16,7892
39,7893
14,7894
10,7895
40,7896
7,7897
48,7898
8,7899
11,7900
6,7901
10,7902
39,7903
3,7904
5,7905
13,7906
38,7907
2,7908
21,7909
7,7910
12,7911
1,7912
28,7913
17,7914
5,7915
27,7916
42,7917
44,7918
39,7919
26,7920
8,7921
10,7922
15,7923
47,7924
6,7925
11,7926
28,7927
11,7928
20,7929
11,7930
12,7931
8,7932
22,7933
42,7934
10,7935
40,7936
48,7937
32,7938
13,7939
45,7940
26,7941
2,7942
37,7943
1,7944
36,7945
35,7946
47,7947
9,7948
32,7949
20,7950
23,7951
50,7952
10,7953
50,7954
42,7955
11,7956
12,7957
9,7958
17,7959
7,7960
32,7961
35,7962
8,7963
22,7964
21,7965
25,7966
41,7967
3,7968
7,7969
11,7970
37,7971
8,7972
39,7973
15,7974
4,7975
41,7976
42,7977
31,7978
14,7979
12,7980
27,7981
47,7982
37,7983
5,7984
28,7985
5,7986
2,7987
14,7988
2,7989
30,7990
3,7991
49,7992
4,7993
1,7994
15,7995
31,7996
6,7997
23,7998
25,7999
1,8000
28,8001
25,8002
22,8003
36,8004
39,8005
14,8006
6,8007
7,8008
28,8009
49,8010
23,8011
26,8012
7,8013
38,8014
40,8015
34,8016
2,8017
41,8018
35,8019
4,8020
12,8021
8,8022
10,8023
36,8024
10,8025
4,8026
17,8027
11,8028
23,8029
33,8030
47,8031
15,8032
20,8033
3,8034
25,8035
7,8036
28,8037
5,8038
9,8039
9,8040
9,8041
47,8042
8,8043
15,8044
20,8045
6,8046
30,8047
8,8048
30,8049
28,8050
1,8051
4,8052
41,8053
3,8054
23,8055
33,8056
7,8057
42,8058
44,8059
40,8060
38,8061
10,8062
43,8063
36,8064
45,8065
42,8066
6,8067
9,8068
26,8069
1,8070
8,8071
47,8072
14,8073
22,8074
5,8075
50,8076
1,8077
12,8078
49,8079
35,8080
10,8081
35,8082
18,8083
10,8084
9,8085
49,8086
35,8087
9,8088
31,8089
6,8090
25,8091
11,8092
21,8093
13,8094
16,8095
10,8096
43,8097
27,8098
2,8099
27,8100
1,8101
42,8102
3,8103
43,8104
44,8105
21,8106
4,8107
50,8108
12,8109
38,8110
3,8111
29,8112
20,8113
7,8114
48,8115
25,8116
43,8117
48,8118
38,8119
46,8120
7,8121
45,8122
19,8123
37,8124
8,8125
16,8126
5,8127
35,8128
18,8129
6,8130
34,8131
15,8132
50,8133
37,8134
34,8135
35,8136
39,8137
2,8138
16,8139
17,8140
50,8141
34,8142
44,8143
1,8144
16,8145
24,8146
7,8147
38,8148
2,8149
13,8150
6,8151
6,8152
12,8153
42,8154
1,8155
38,8156
40,8157
11,8158
15,8159
46,8160
18,8161
4,8162
2,8163
48,8164
3,8165
18,8166
45,8167
4,8168
47,8169
12,8170
7,8171
1,8172
31,8173
18,8174
41,8175
36,8176
9,8177
31,8178
5,8179
37,8180
23,8181
24,8182
26,8183
20,8184
2,8185
41,8186
7,8187
5,8188
3,8189
2,8190
4,8191
36,8192
23,8193
33,8194
9,8195
16,8196
32,8197
8,8198
45,8199
8,8200
6,8201
46,8202
4,8203
14,8204
1,8205
5,8206
10,8207
46,8208
6,8209
33,8210
11,8211
3,8212
12,8213
35,8214
45,8215
20,8216
14,8217
15,8218
24,8219
7,8220
4,8221
47,8222
3,8223
11,8224
22,8225
29,8226
4,8227
9,8228
34,8229
15,8230
33,8231
21,8232
23,8233
11,8234
5,8235
26,8236
28,8237
35,8238
7,8239
5,8240
8,8241
10,8242
9,8243
19,8244
3,8245
16,8246
33,8247
32,8248
2,8249
45,8250
6,8251
35,8252
35,8253
37,8254
28,8255
1,8256
46,8257
35,8258
1,8259
3,8260
4,8261
20,8262
11,8263
49,8264
7,8265
24,8266
29,8267
14,8268
13,8269
18,8270
4,8271
28,8272
1,8273
12,8274
45,8275
29,8276
8,8277
25,8278
21,8279
31,8280
16,8281
5,8282
1,8283
2,8284
32,8285
24,8286
3,8287
6,8288
19,8289
46,8290
4,8291
14,8292
14,8293
47,8294
3,8295
31,8296
21,8297
29,8298
1,8299
49,8300
32,8301
8,8302
38,8303
7,8304
28,8305
23,8306
40,8307
20,8308
39,8309
24,8310
42,8311
36,8312
50,8313
11,8314
17,8315
41,8316
26,8317
9,8318
30,8319
22,8320
5,8321
33,8322
5,8323
10,8324
23,8325
12,8326
4,8327
41,8328
38,8329
32,8330
6,8331
11,8332
36,8333
46,8334
5,8335
16,8336
17,8337
25,8338
12,8339
16,8340
38,8341
9,8342
2,8343
12,8344
45,8345
1,8346
42,8347
33,8348
22,8349
50,8350
8,8351
6,8352
34,8353
2,8354
41,8355
9,8356
16,8357
39,8358
8,8359
10,8360
49,8361
39,8362
49,8363
3,8364
7,8365
37,8366
6,8367
19,8368
47,8369
24,8370
40,8371
31,8372
7,8373
15,8374
10,8375
16,8376
32,8377
11,8378
28,8379
36,8380
1,8381
15,8382
48,8383
26,8384
9,8385
8,8386
14,8387
19,8388
20,8389
33,8390
12,8391
8,8392
44,8393
3,8394
4,8395
39,8396
7,8397
41,8398
48,8399
39,8400
48,8401
13,8402
4,8403
32,8404
39,8405
18,8406
9,8407
1,8408
1,8409
16,8410
15,8411
25,8412
46,8413
13,8414
8,8415
47,8416
36,8417
6,8418
26,8419
10,8420
21,8421
42,8422
46,8423
15,8424
27,8425
36,8426
21,8427
7,8428
9,8429
5,8430
28,8431
34,8432
22,8433
29,8434
46,8435
29,8436
2,8437
27,8438
11,8439
22,8440
8,8441
3,8442
31,8443
7,8444
41,8445
11,8446
6,8447
14,8448
47,8449
8,8450
34,8451
26,8452
43,8453
17,8454
35,8455
10,8456
26,8457
11,8458
28,8459
48,8460
12,8461
24,8462
28,8463
6,8464
3,8465
46,8466
9,8467
44,8468
1,8469
44,8470
1,8471
4,8472
33,8473
10,8474
22,8475
11,8476
28,8477
30,8478
31,8479
18,8480
7,8481
39,8482
29,8483
11,8484
16,8485
26,8486
3,8487
18,8488
44,8489
8,8490
31,8491
23,8492
13,8493
7,8494
8,8495
35,8496
2,8497
3,8498
5,8499
20,8500
20,8501
12,8502
24,8503
15,8504
49,8505
22,8506
2,8507
25,8508
8,8509
4,8510
38,8511
24,8512
8,8513
1,8514
40,8515
16,8516
5,8517
22,8518
49,8519
3,8520
10,8521
42,8522
4,8523
8,8524
4,8525
7,8526
27,8527
4,8528
4,8529
27,8530
8,8531
44,8532
5,8533
17,8534
22,8535
7,8536
20,8537
5,8538
20,8539
4,8540
9,8541
22,8542
8,8543
29,8544
35,8545
10,8546
19,8547
28,8548
44,8549
7,8550
8,8551
5,8552
12,8553
6,8554
30,8555
3,8556
6,8557
40,8558
4,8559
31,8560
13,8561
17,8562
34,8563
34,8564
39,8565
50,8566
2,8567
31,8568
30,8569
11,8570
11,8571
7,8572
12,8573
9,8574
44,8575
50,8576
2,8577
42,8578
48,8579
30,8580
13,8581
13,8582
44,8583
1,8584
43,8585
15,8586
26,8587
9,8588
19,8589
7,8590
8,8591
7,8592
2,8593
18,8594
12,8595
34,8596
11,8597
3,8598
49,8599
20,8600
17,8601
25,8602
31,8603
9,8604
13,8605
30,8606
7,8607
34,8608
4,8609
42,8610
12,8611
12,8612
30,8613
1,8614
44,8615
16,8616
6,8617
41,8618
9,8619
31,8620
3,8621
1,8622
31,8623
22,8624
12,8625
5,8626
50,8627
25,8628
20,8629
10,8630
38,8631
11,8632
34,8633
10,8634
23,8635
6,8636
28,8637
8,8638
2,8639
15,8640
41,8641
3,8642
39,8643
8,8644
31,8645
32,8646
19,8647
13,8648
22,8649
46,8650
43,8651
6,8652
40,8653
45,8654
27,8655
47,8656
36,8657
44,8658
47,8659
12,8660
28,8661
13,8662
5,8663
1,8664
11,8665
42,8666
2,8667
49,8668
23,8669
15,8670
9,8671
47,8672
46,8673
24,8674
3,8675
15,8676
41,8677
41,8678
3,8679
3,8680
24,8681
25,8682
4,8683
22,8684
29,8685
17,8686
1,8687
12,8688
1,8689
40,8690
40,8691
10,8692
17,8693
29,8694
3,8695
8,8696
34,8697
3,8698
8,8699
49,8700
20,8701
20,8702
11,8703
21,8704
48,8705
5,8706
2,8707
28,8708
34,8709
12,8710
2,8711
6,8712
3,8713
12,8714
37,8715
6,8716
35,8717
40,8718
41,8719
8,8720
2,8721
24,8722
24,8723
11,8724
9,8725
1,8726
44,8727
29,8728
16,8729
29,8730
3,8731
18,8732
7,8733
19,8734
8,8735
5,8736
7,8737
33,8738
16,8739
6,8740
25,8741
8,8742
45,8743
7,8744
3,8745
10,8746
11,8747
8,8748
45,8749
40,8750
11,8751
47,8752
1,8753
49,8754
4,8755
6,8756
22,8757
36,8758
5,8759
26,8760
12,8761
7,8762
11,8763
17,8764
43,8765
1,8766
22,8767
48,8768
36,8769
48,8770
35,8771
24,8772
30,8773
4,8774
27,8775
2,8776
49,8777
28,8778
8,8779
40,8780
3,8781
49,8782
49,8783
6,8784
36,8785
19,8786
47,8787
18,8788
7,8789
9,8790
30,8791
4,8792
10,8793
8,8794
17,8795
8,8796
5,8797
22,8798
19,8799
6,8800
2,8801
4,8802
7,8803
13,8804
40,8805
21,8806
26,8807
1,8808
29,8809
34,8810
40,8811
2,8812
3,8813
30,8814
8,8815
47,8816
30,8817
23,8818
34,8819
7,8820
40,8821
47,8822
44,8823
25,8824
2,8825
9,8826
21,8827
9,8828
38,8829
31,8830
39,8831
25,8832
4,8833
16,8834
24,8835
1,8836
37,8837
10,8838
40,8839
32,8840
3,8841
7,8842
13,8843
6,8844
10,8845
11,8846
29,8847
12,8848
41,8849
30,8850
11,8851
17,8852
38,8853
14,8854
4,8855
35,8856
2,8857
32,8858
6,8859
3,8860
7,8861
35,8862
5,8863
12,8864
8,8865
1,8866
7,8867
33,8868
5,8869
12,8870
1,8871
22,8872
8,8873
17,8874
19,8875
20,8876
23,8877
14,8878
31,8879
9,8880
32,8881
46,8882
7,8883
3,8884
4,8885
28,8886
37,8887
11,8888
3,8889
26,8890
35,8891
5,8892
43,8893
18,8894
11,8895
36,8896
7,8897
37,8898
1,8899
36,8900
43,8901
6,8902
46,8903
33,8904
25,8905
27,8906
8,8907
38,8908
5,8909
1,8910
8,8911
13,8912
27,8913
12,8914
9,8915
23,8916
41,8917
37,8918
19,8919
25,8920
29,8921
48,8922
25,8923
49,8924
7,8925
9,8926
10,8927
44,8928
7,8929
17,8930
20,8931
33,8932
11,8933
35,8934
4,8935
8,8936
46,8937
2,8938
27,8939
34,8940
9,8941
10,8942
7,8943
3,8944
32,8945
44,8946
33,8947
46,8948
3,8949
10,8950
7,8951
38,8952
41,8953
4,8954
45,8955
22,8956
36,8957
10,8958
32,8959
33,8960
1,8961
50,8962
12,8963
32,8964
11,8965
5,8966
46,8967
2,8968
13,8969
15,8970
34,8971
23,8972
3,8973
35,8974
6,8975
4,8976
11,8977
7,8978
18,8979
30,8980
25,8981
27,8982
32,8983
15,8984
9,8985
37,8986
4,8987
22,8988
33,8989
1,8990
33,8991
12,8992
32,8993
13,8994
45,8995
5,8996
23,8997
16,8998
19,8999
2,9000
33,9001
44,9002
1,9003
35,9004
5,9005
22,9006
10,9007
37,9008
8,9009
42,9010
11,9011
26,9012
14,9013
7,9014
25,9015
19,9016
31,9017
12,9018
44,9019
38,9020
10,9021
3,9022
50,9023
40,9024
17,9025
6,9026
36,9027
50,9028
16,9029
2,9030
43,9031
8,9032
43,9033
7,9034
5,9035
3,9036
48,9037
44,9038
7,9039
47,9040
2,9041
32,9042
1,9043
31,9044
3,9045
29,9046
25,9047
9,9048
36,9049
8,9050
38,9051
23,9052
36,9053
46,9054
40,9055
30,9056
7,9057
27,9058
3,9059
18,9060
35,9061
41,9062
6,9063
16,9064
22,9065
27,9066
48,9067
17,9068
8,9069
26,9070
11,9071
41,9072
1,9073
17,9074
13,9075
7,9076
8,9077
7,9078
45,9079
4,9080
2,9081
29,9082
44,9083
9,9084
17,9085
10,9086
23,9087
17,9088
16,9089
31,9090
44,9091
8,9092
41,9093
27,9094
4,9095
46,9096
35,9097
4,9098
44,9099
34,9100
1,9101
28,9102
1,9103
46,9104
40,9105
18,9106
46,9107
7,9108
29,9109
14,9110
14,9111
14,9112
22,9113
37,9114
48,9115
50,9116
9,9117
26,9118
29,9119
50,9120
14,9121
13,9122
48,9123
11,9124
13,9125
7,9126
3,9127
43,9128
34,9129
38,9130
37,9131
10,9132
19,9133
41,9134
19,9135
42,9136
12,9137
17,9138
37,9139
31,9140
2,9141
41,9142
21,9143
3,9144
20,9145
33,9146
44,9147
22,9148
10,9149
6,9150
4,9151
47,9152
34,9153
15,9154
1,9155
24,9156
5,9157
45,9158
2,9159
35,9160
1,9161
34,9162
8,9163
14,9164
10,9165
13,9166
17,9167
9,9168
13,9169
20,9170
4,9171
11,9172
27,9173
9,9174
11,9175
20,9176
50,9177
13,9178
2,9179
22,9180
12,9181
7,9182
31,9183
40,9184
40,9185
28,9186
10,9187
24,9188
1,9189
10,9190
16,9191
40,9192
3,9193
8,9194
6,9195
25,9196
38,9197
14,9198
42,9199
30,9200
7,9201
9,9202
11,9203
16,9204
12,9205
19,9206
35,9207
35,9208
4,9209
31,9210
12,9211
35,9212
1,9213
24,9214
2,9215
27,9216
35,9217
28,9218
1,9219
3,9220
28,9221
44,9222
8,9223
11,9224
1,9225
13,9226
14,9227
19,9228
20,9229
29,9230
7,9231
49,9232
37,9233
1,9234
21,9235
20,9236
4,9237
3,9238
42,9239
47,9240
42,9241
20,9242
2,9243
18,9244
21,9245
48,9246
37,9247
3,9248
1,9249
4,9250
4,9251
32,9252
42,9253
22,9254
9,9255
26,9256
35,9257
16,9258
37,9259
15,9260
38,9261
10,9262
26,9263
12,9264
19,9265
11,9266
3,9267
39,9268
13,9269
2,9270
32,9271
4,9272
39,9273
12,9274
18,9275
26,9276
31,9277
14,9278
34,9279
4,9280
10,9281
8,9282
47,9283
2,9284
49,9285
47,9286
9,9287
19,9288
5,9289
8,9290
6,9291
4,9292
24,9293
43,9294
17,9295
1,9296
19,9297
48,9298
42,9299
22,9300
23,9301
7,9302
5,9303
46,9304
42,9305
2,9306
2,9307
27,9308
8,9309
3,9310
19,9311
33,9312
45,9313
3,9314
39,9315
31,9316
15,9317
9,9318
6,9319
1,9320
34,9321
1,9322
39,9323
31,9324
33,9325
25,9326
48,9327
28,9328
10,9329
49,9330
23,9331
33,9332
23,9333
7,9334
46,9335
49,9336
1,9337
47,9338
24,9339
4,9340
8,9341
38,9342
11,9343
44,9344
25,9345
44,9346
23,9347
2,9348
41,9349
4,9350
15,9351
27,9352
43,9353
3,9354
9,9355
29,9356
47,9357
6,9358
44,9359
12,9360
28,9361
26,9362
3,9363
5,9364
24,9365
33,9366
48,9367
13,9368
48,9369
23,9370
13,9371
36,9372
28,9373
25,9374
12,9375
25,9376
5,9377
15,9378
45,9379
47,9380
16,9381
18,9382
1,9383
1,9384
21,9385
7,9386
8,9387
3,9388
33,9389
8,9390
47,9391
23,9392
27,9393
9,9394
8,9395
41,9396
29,9397
40,9398
50,9399
45,9400
4,9401
12,9402
35,9403
15,9404
2,9405
28,9406
50,9407
43,9408
8,9409
27,9410
26,9411
5,9412
40,9413
6,9414
3,9415
12,9416
9,9417
11,9418
9,9419
20,9420
4,9421
2,9422
24,9423
6,9424
47,9425
43,9426
40,9427
40,9428
3,9429
44,9430
7,9431
32,9432
8,9433
17,9434
30,9435
5,9436
38,9437
42,9438
6,9439
39,9440
23,9441
48,9442
30,9443
3,9444
30,9445
41,9446
37,9447
23,9448
1,9449
39,9450
34,9451
14,9452
11,9453
10,9454
45,9455
10,9456
11,9457
22,9458
2,9459
26,9460
1,9461
21,9462
23,9463
43,9464
8,9465
16,9466
10,9467
3,9468
1,9469
1,9470
12,9471
7,9472
23,9473
36,9474
47,9475
32,9476
8,9477
8,9478
7,9479
2,9480
41,9481
42,9482
21,9483
24,9484
12,9485
1,9486
37,9487
26,9488
9,9489
36,9490
40,9491
2,9492
44,9493
43,9494
19,9495
10,9496
30,9497
2,9498
35,9499
11,9500
4,9501
31,9502
20,9503
6,9504
21,9505
45,9506
48,9507
25,9508
41,9509
7,9510
41,9511
8,9512
28,9513
7,9514
8,9515
7,9516
18,9517
30,9518
12,9519
15,9520
33,9521
15,9522
21,9523
17,9524
18,9525
9,9526
13,9527
19,9528
49,9529
8,9530
25,9531
17,9532
17,9533
3,9534
24,9535
44,9536
24,9537
10,9538
17,9539
8,9540
41,9541
43,9542
1,9543
49,9544
26,9545
4,9546
42,9547
11,9548
37,9549
18,9550
21,9551
21,9552
10,9553
7,9554
9,9555
9,9556
46,9557
36,9558
12,9559
23,9560
10,9561
3,9562
15,9563
38,9564
10,9565
14,9566
30,9567
23,9568
30,9569
26,9570
11,9571
21,9572
20,9573
6,9574
30,9575
42,9576
5,9577
7,9578
10,9579
45,9580
10,9581
42,9582
11,9583
27,9584
5,9585
6,9586
15,9587
32,9588
21,9589
12,9590
35,9591
46,9592
3,9593
46,9594
44,9595
25,9596
48,9597
20,9598
21,9599
49,9600
8,9601
16,9602
44,9603
46,9604
29,9605
39,9606
37,9607
3,9608
27,9609
16,9610
17,9611
7,9612
20,9613
9,9614
2,9615
2,9616
44,9617
39,9618
37,9619
23,9620
46,9621
50,9622
3,9623
32,9624
14,9625
44,9626
13,9627
11,9628
43,9629
2,9630
44,9631
10,9632
28,9633
10,9634
34,9635
10,9636
30,9637
22,9638
4,9639
42,9640
11,9641
15,9642
5,9643
21,9644
1,9645
46,9646
9,9647
37,9648
2,9649
14,9650
6,9651
39,9652
8,9653
20,9654
7,9655
10,9656
37,9657
39,9658
13,9659
34,9660
5,9661
42,9662
5,9663
19,9664
8,9665
13,9666
49,9667
14,9668
40,9669
32,9670
18,9671
48,9672
9,9673
25,9674
46,9675
5,9676
39,9677
12,9678
40,9679
11,9680
24,9681
43,9682
17,9683
15,9684
31,9685
22,9686
9,9687
45,9688
3,9689
50,9690
7,9691
4,9692
50,9693
9,9694
14,9695
11,9696
29,9697
12,9698
34,9699
27,9700
30,9701
48,9702
50,9703
22,9704
5,9705
37,9706
37,9707
13,9708
1,9709
35,9710
1,9711
30,9712
28,9713
25,9714
10,9715
36,9716
29,9717
4,9718
34,9719
33,9720
27,9721
25,9722
6,9723
31,9724
17,9725
36,9726
11,9727
2,9728
5,9729
10,9730
30,9731
19,9732
42,9733
11,9734
43,9735
41,9736
12,9737
38,9738
6,9739
13,9740
19,9741
33,9742
24,9743
20,9744
34,9745
41,9746
21,9747
2,9748
7,9749
34,9750
25,9751
36,9752
45,9753
8,9754
41,9755
22,9756
45,9757
32,9758
21,9759
34,9760
39,9761
7,9762
48,9763
42,9764
15,9765
1,9766
26,9767
8,9768
9,9769
9,9770
37,9771
18,9772
1,9773
36,9774
14,9775
38,9776
2,9777
44,9778
42,9779
37,9780
48,9781
3,9782
44,9783
17,9784
34,9785
41,9786
5,9787
35,9788
10,9789
45,9790
29,9791
45,9792
8,9793
33,9794
10,9795
48,9796
35,9797
8,9798
18,9799
37,9800
3,9801
27,9802
7,9803
5,9804
15,9805
4,9806
3,9807
24,9808
5,9809
27,9810
48,9811
46,9812
32,9813
3,9814
15,9815
30,9816
37,9817
38,9818
28,9819
1,9820
39,9821
25,9822
19,9823
47,9824
15,9825
21,9826
36,9827
2,9828
18,9829
14,9830
4,9831
3,9832
5,9833
10,9834
16,9835
7,9836
7,9837
8,9838
43,9839
44,9840
40,9841
11,9842
44,9843
4,9844
25,9845
6,9846
4,9847
26,9848
29,9849
9,9850
47,9851
40,9852
24,9853
14,9854
11,9855
5,9856
38,9857
10,9858
28,9859
5,9860
44,9861
7,9862
3,9863
5,9864
23,9865
1,9866
42,9867
7,9868
19,9869
12,9870
38,9871
11,9872
28,9873
9,9874
14,9875
2,9876
4,9877
41,9878
13,9879
3,9880
27,9881
7,9882
39,9883
10,9884
7,9885
42,9886
4,9887
27,9888
1,9889
50,9890
8,9891
14,9892
11,9893
2,9894
1,9895
8,9896
11,9897
48,9898
28,9899
5,9900
4,9901
3,9902
38,9903
12,9904
19,9905
10,9906
14,9907
15,9908
23,9909
40,9910
45,9911
15,9912
19,9913
38,9914
37,9915
2,9916
19,9917
36,9918
17,9919
18,9920
36,9921
9,9922
20,9923
15,9924
22,9925
7,9926
7,9927
5,9928
2,9929
22,9930
17,9931
41,9932
6,9933
31,9934
4,9935
29,9936
10,9937
27,9938
33,9939
9,9940
35,9941
10,9942
43,9943
27,9944
20,9945
8,9946
19,9947
4,9948
29,9949
11,9950
10,9951
38,9952
2,9953
18,9954
19,9955
8,9956
26,9957
27,9958
1,9959
7,9960
35,9961
36,9962
12,9963
21,9964
37,9965
50,9966
3,9967
30,9968
23,9969
7,9970
14,9971
24,9972
28,9973
22,9974
47,9975
6,9976
45,9977
43,9978
2,9979
4,9980
42,9981
49,9982
5,9983
48,9984
23,9985
9,9986
4,9987
10,9988
39,9989
8,9990
7,9991
18,9992
9,9993
29,9994
8,9995
7,9996
6,9997
50,9998
6,9999
8,10000
